30058	49
16295	9
6976	9
18394	37
1893	37
28796	37
18094	49
9716	49
13057	49
11061	49
19996	49
27158	49
12858	49
17507	49
11174	49
9297	49
15158	9
12117	21
1014	21
8026	21
33579	16
22283	23
29676	23
9507	11
14783	23
5617	23
37345	23
27672	23
24705	11
33934	23
4122	23
7382	23
172	23
29137	16
17143	16
10743	38
34054	38
6457	38
33621	38
16847	38
2907	7
8065	7
26928	7
2747	7
438	7
37408	23
20250	23
15305	23
4211	23
34600	11
22455	11
21651	23
32747	23
14237	23
31795	23
26375	23
35273	11
19265	23
26969	23
37557	23
30020	23
37567	23
31458	23
31972	23
34672	11
22621	23
30684	23
10369	23
24698	23
33649	23
36687	23
6798	23
23655	11
26220	23
543	23
2393	14
20835	32
7853	14
36724	14
35085	14
36887	14
31685	14
16735	14
30378	14
18339	14
8244	11
7708	23
31724	23
35970	11
1038	23
32240	23
25777	11
307	23
15664	1
7570	1
36240	1
35119	1
22031	1
10435	1
10460	1
10767	1
12970	1
29429	1
4264	1
10592	1
17541	1
10427	1
8532	1
37527	1
3334	1
1044	1
23927	1
27141	1
3711	1
32886	1
6357	1
15228	1
4157	1
16861	1
35723	1
1337	1
3423	1
26171	1
33385	1
22389	1
22917	1
21411	1
8788	1
36170	1
19070	1
30960	1
12291	1
3057	1
34447	1
27799	1
7090	1
28578	1
1465	1
26937	1
7423	1
13979	1
2315	1
9028	1
6856	1
22016	1
15229	1
36963	1
37565	1
10240	1
15153	1
16736	1
4290	1
31523	1
29099	1
32601	1
11632	1
36999	1
32782	1
18529	1
27934	1
26535	1
19221	23
21412	23
32321	23
36215	23
14013	23
26677	23
19754	23
4018	23
26781	23
38208	23
26899	23
35054	35
2038	23
4238	23
30532	11
7568	23
28995	11
26790	23
32273	23
22931	23
12976	23
2258	11
24640	23
33860	23
12923	23
20151	23
35267	23
37472	23
36827	23
10025	23
14628	23
23182	23
3058	23
3937	23
32204	11
24589	11
22524	23
19279	23
8474	23
14161	23
2829	23
28912	23
3781	23
123	23
7419	11
35057	23
9779	23
12894	23
22469	23
37452	23
16024	23
26314	23
32755	11
13058	11
36077	23
23559	23
22911	23
8649	23
23136	23
24079	23
8130	1
6933	1
4914	1
5686	1
13117	1
26930	1
33653	1
24080	1
17275	1
16950	1
34868	36
17039	1
6224	1
36434	1
21559	1
11796	1
21920	1
1674	1
15734	1
30748	1
15215	1
27522	36
5838	36
2600	1
6737	1
38335	1
14188	1
3083	36
26372	36
28309	36
27266	36
22022	36
24582	36
11492	36
6470	36
30952	36
24820	36
15431	36
25144	36
13703	36
5182	36
27710	36
265	36
30946	36
35427	36
24012	36
35909	23
36898	23
24658	23
5009	23
28568	23
29726	23
12424	23
24539	1
12263	1
27745	1
29477	1
35487	1
9407	1
12187	25
6593	25
18097	25
8398	33
17554	33
31748	33
3245	33
22825	33
599	33
30069	33
22015	33
13918	33
13572	33
31491	33
9118	33
21721	33
15703	33
1228	33
33550	33
32144	33
38165	33
341	23
15898	33
34731	33
36115	33
282	33
8816	23
12638	33
15491	33
27288	33
12743	33
7037	33
34288	33
22629	33
815	63
6260	63
8001	63
15965	63
11163	33
14878	33
24464	23
18227	23
4442	33
10827	33
37356	33
23912	38
31319	32
14941	32
26401	32
8746	43
34532	7
16652	7
14893	7
32441	7
14065	7
11837	7
24482	7
177	7
35884	7
25877	7
35527	7
1983	7
21169	7
37147	7
17572	7
34561	7
12627	7
13999	7
14918	7
22086	7
744	7
24468	7
10437	7
2943	7
16809	7
23838	7
33662	7
8233	7
819	7
13283	7
4848	7
8896	7
11471	7
30291	7
30727	7
28426	7
24056	7
2408	7
2906	7
36425	7
38387	7
11757	7
26116	7
29436	7
15162	7
9925	7
29009	7
21625	7
1317	38
22353	38
23925	38
38256	38
16670	38
31479	38
15810	38
17319	38
20437	38
27409	38
20471	38
18992	38
22866	38
37633	38
24917	38
33340	38
17749	38
15834	38
16394	38
3062	38
37154	38
17199	38
24072	38
32445	38
33989	38
14997	38
13396	38
29017	38
37898	38
11047	38
3638	38
28163	38
5016	38
13936	38
19516	38
10857	38
8768	38
31158	38
1110	38
21981	38
5613	38
887	38
12655	38
12659	38
5320	38
24068	38
33892	38
20495	38
28710	38
2057	38
31155	38
33093	38
17760	38
31628	38
1328	38
19994	38
11801	38
15127	38
2613	38
30697	38
15267	38
18378	38
23497	11
10163	11
12606	11
23452	11
37523	11
35003	11
29611	11
30059	11
15155	11
18757	11
17138	11
16583	11
33221	11
8492	11
35176	11
22387	11
14110	11
31023	11
24624	11
29694	11
31443	11
22832	11
25070	11
9828	11
21797	11
26188	11
29924	11
21217	11
25453	11
7176	11
20832	11
6587	11
943	11
36962	11
36204	11
27895	11
37690	11
17065	11
7130	11
8274	11
15303	11
21112	11
11225	11
37355	11
9988	11
8316	11
20718	11
31151	11
14142	11
34174	11
3024	11
29256	11
8819	11
7782	26
4041	26
5339	26
38197	26
22973	26
16105	26
24630	26
31825	26
36131	26
28214	26
26135	26
22976	26
9819	26
10764	26
6268	26
11050	26
34895	26
20707	26
30384	26
13729	26
10128	26
10542	26
475	26
37250	26
16409	26
10690	26
10107	26
2921	26
37753	26
12492	26
22937	26
31949	26
1843	26
23795	26
26627	26
35472	26
13627	26
17029	26
35747	26
32654	26
27446	26
30811	26
25885	26
31427	26
20747	26
35550	26
32234	26
29582	26
18587	26
8018	26
23120	26
26491	26
7504	26
14364	26
33789	26
3823	26
28964	26
26430	26
3389	26
3398	26
17160	26
36333	7
19650	7
18375	7
8527	7
29468	7
6886	7
21336	7
29147	7
20698	7
17894	7
2049	7
10258	7
16624	7
35662	7
22564	7
7880	7
28983	7
21598	7
17041	7
10697	7
27237	7
36570	7
271	7
34547	7
13037	7
13935	7
38071	7
11500	7
8965	7
2322	7
5683	7
9347	7
64	7
16689	7
7208	7
13497	7
16529	7
2486	7
19924	7
32680	7
6859	7
18612	7
22746	7
5390	7
13133	7
1639	7
19861	7
5511	7
30667	7
34696	7
16893	7
7812	7
30990	7
35398	7
15751	7
5526	2
2232	7
23526	7
5980	7
20974	7
19631	7
34440	7
12421	7
10596	7
13501	7
33962	7
11966	7
11596	7
33228	7
4911	7
3732	7
1000	7
37286	7
23701	7
19763	7
13676	7
32600	7
21731	7
37693	7
28871	7
5843	7
16607	7
29345	7
21006	7
711	7
6533	7
9951	7
19788	7
8098	7
9278	7
15691	7
6913	7
26323	7
3526	7
22761	7
18516	7
24118	7
2517	7
7022	7
20553	7
27563	7
27722	7
14805	7
26495	7
34745	7
35725	7
22950	7
5100	7
30339	7
6755	7
14433	7
37318	7
6493	7
6982	2
36519	27
19428	27
19943	27
36306	27
31323	27
2737	27
10602	27
21992	27
24035	27
12353	27
25417	27
31042	27
15553	27
22402	27
31457	27
15138	27
14371	27
18384	27
14226	27
17536	27
24397	2
20061	2
33162	47
12778	47
12253	47
31249	47
2827	47
9966	47
16603	47
28850	47
12898	47
17864	47
20408	47
10463	47
29772	47
27374	47
32998	47
37618	47
19402	50
6327	50
20603	50
3908	43
23996	50
12876	50
35107	43
2978	43
12978	43
14123	43
7801	50
5894	43
2735	50
25559	43
32796	50
35732	43
23517	50
32220	50
5398	43
18326	43
7155	50
14136	43
25438	43
27719	50
11770	43
6839	43
12740	43
14323	43
2824	43
11269	43
11524	50
8203	43
33526	43
37863	43
26655	43
12125	43
22140	43
37437	7
30985	7
12178	16
4851	16
11721	16
26735	16
34882	16
5403	16
31962	16
24605	16
11357	16
9583	16
17324	16
20374	16
4799	16
2704	16
12534	16
17444	16
17373	16
32034	16
32938	16
22977	16
24587	16
6602	16
3104	16
2689	16
22566	16
21257	16
14759	6
10495	6
11766	6
26854	16
22235	35
4958	35
36409	35
16509	35
9038	35
27741	63
23295	63
28465	63
27274	63
14907	26
32685	26
8958	26
7258	26
14962	26
11900	26
29769	26
12921	26
16612	26
37524	26
11773	26
365	26
11706	26
15698	26
4477	26
24402	26
21676	26
14075	26
3040	26
3010	26
11892	26
11437	26
28642	26
15910	26
10702	26
10347	26
26404	26
3359	26
10667	26
34740	26
15878	26
26093	26
16632	26
22393	26
19315	26
15057	30
11878	34
36245	30
10859	30
32860	30
12003	30
26449	30
22577	30
16482	30
2786	34
31843	30
38374	30
37285	30
22330	34
25176	34
29785	34
21499	34
15680	34
18128	34
24814	30
11216	30
8866	34
18685	34
10361	34
10986	34
29618	34
17028	30
33496	30
3612	30
37681	30
152	30
27120	30
15447	30
4828	30
19935	30
22845	30
26960	30
18506	30
7691	30
8732	30
22989	30
26738	30
26283	30
27052	7
14608	29
32150	7
3377	7
21923	7
7148	7
35258	7
20559	7
36023	29
29062	7
30426	7
19064	7
37444	7
26092	7
9107	7
33567	7
5503	7
2417	7
24034	7
31104	7
36411	7
35027	7
6055	7
32269	7
17933	7
10201	7
30643	7
32256	7
31756	7
6424	7
2631	29
17684	7
4924	7
7029	7
23231	7
3786	7
15933	37
25736	37
27980	37
16698	37
2140	4
26019	4
7187	4
15231	9
17764	9
4300	14
12160	57
8293	57
30502	14
24890	57
15732	57
33294	2
14288	2
477	2
9434	2
26424	2
23249	2
19521	2
28079	2
3634	2
24701	2
28193	2
24970	2
8198	2
2013	2
9773	2
32262	2
11661	2
21566	2
15381	2
35488	2
16219	2
1325	2
29124	2
19252	2
20784	2
18885	2
1924	2
28201	2
36219	2
21998	2
7331	2
15113	19
7521	47
10621	47
17505	47
1865	47
7122	20
34676	20
7030	20
15276	20
19925	20
11908	20
4359	20
4826	20
23590	20
33057	20
27457	30
27196	30
31223	36
18197	36
34803	9
1773	30
37882	9
20809	30
15596	30
33078	30
22383	30
18857	30
31991	9
2173	9
18652	9
26502	30
24251	7
27706	7
27637	7
32819	7
5900	7
29745	7
37117	7
5468	7
38116	7
32475	7
13479	7
11026	7
1854	7
523	7
27780	7
28933	7
24747	7
35821	7
10496	7
32048	7
32802	7
38201	7
2126	7
9463	7
32562	7
11283	7
26472	7
7930	7
7346	7
644	7
6902	7
35060	7
28736	7
24086	7
19036	7
4283	7
15105	5
37939	5
18608	5
33702	5
1269	5
25903	5
21986	5
26168	5
27491	5
16614	5
12802	5
2218	5
10241	2
18924	2
30536	2
28793	2
9176	2
248	2
26425	2
15697	2
35105	2
1985	2
4927	2
29292	2
7125	2
7010	2
24927	2
3560	2
35932	2
23586	2
7490	2
33710	2
13826	2
2891	2
14401	2
1664	2
20350	36
32529	36
6563	36
16889	36
27951	36
4025	36
16347	36
21814	36
15128	52
24136	38
28487	38
4103	16
23363	16
12696	16
23958	16
5571	16
36796	16
37584	16
25119	16
2894	16
8191	16
5940	16
32676	16
16339	16
26439	16
8504	16
20330	16
21199	16
8442	16
29291	16
30477	16
31087	16
31977	16
16991	16
25217	16
19396	16
1267	16
4593	16
36329	16
11736	16
10922	16
33967	16
17200	16
13210	16
36323	16
14447	16
8936	16
31067	16
37516	16
21908	16
7048	16
7588	16
1372	16
23250	16
12616	16
36119	16
36739	16
15742	16
27143	16
18279	16
6024	16
9200	16
35711	16
7467	16
36815	16
37851	16
16787	16
28999	16
15081	16
9909	16
37171	16
18073	16
9464	16
3222	5
16677	5
34765	5
9138	5
21315	5
5815	5
1791	5
16114	5
16417	5
12407	5
19373	5
18142	5
24784	5
22255	5
532	5
16402	5
30501	5
1143	5
37224	5
31839	5
34609	5
28379	5
14865	5
7650	5
34242	5
18526	5
916	5
29958	5
13180	5
13050	7
14684	7
20996	7
28115	7
4144	46
36514	7
34945	7
4534	7
35558	7
31717	7
15056	7
17664	7
31161	7
16617	7
31262	7
26747	7
16599	7
25320	7
32043	7
2879	7
35052	7
6081	7
5484	7
8235	7
38373	7
19590	7
20699	7
14051	7
28243	7
31739	7
1876	7
32813	7
13875	7
22486	7
38133	7
12848	7
7962	7
19758	7
10961	7
12833	7
19191	7
15026	7
23224	7
34695	7
5732	7
28215	7
32588	7
32549	7
19474	7
9589	7
12151	7
14483	7
30619	7
6177	7
26524	7
36448	7
34570	7
38326	7
21958	7
31228	7
11929	7
24765	7
13754	7
4804	7
30642	7
37824	7
26792	7
3947	7
38407	7
33600	7
7957	7
30137	7
4099	7
851	7
8074	7
13868	7
20292	7
3928	7
16559	7
31516	7
12503	7
11859	7
21913	7
14083	7
12360	7
659	7
10312	7
21399	7
10	7
6718	7
14229	7
7745	7
9845	7
24650	7
9913	7
15312	7
35200	7
16400	7
32565	7
4499	7
31558	7
21775	7
14088	7
26094	7
5027	7
23051	7
28656	7
2229	7
10441	7
20867	7
30438	7
28711	7
30128	7
10267	7
29232	7
37121	7
2248	7
37039	7
29069	7
2748	7
16779	7
8004	7
8051	7
10184	7
17345	7
22599	13
21078	13
3321	13
24242	13
30997	13
34530	13
1485	13
37915	13
34113	13
24271	13
8697	13
17650	13
1323	13
2475	13
24759	13
9802	13
15607	13
31615	13
13587	13
15598	13
20179	13
30730	13
25457	13
35764	13
1252	13
23874	13
15265	13
14919	5
6427	31
37460	31
17986	31
22106	31
37663	31
1090	31
17489	31
19536	31
9020	31
11698	31
22266	31
31201	31
8784	31
27297	31
11052	31
18929	31
34790	31
15620	31
3864	31
19347	31
5448	5
7391	31
25842	31
5706	31
3977	31
5487	31
3463	31
8558	31
35043	31
7910	31
17912	31
2893	31
37928	31
22329	31
11010	31
34013	31
11816	31
21632	31
17681	31
35843	32
34972	32
31190	32
35575	32
9438	32
25302	32
7732	32
12857	32
34545	32
24657	32
17570	32
15987	32
35403	32
36818	32
34662	32
37542	32
8809	32
31819	32
35198	32
6180	32
31448	32
17003	32
20786	32
34660	32
16987	32
2008	32
19280	32
22132	32
17529	32
10563	32
26637	32
2535	32
9590	32
20413	32
18256	32
2831	32
25123	32
7105	32
9148	32
12240	32
9945	32
14175	32
6837	32
23794	32
20659	32
18717	32
18360	32
1066	32
34378	32
36404	32
22961	32
9357	32
5170	32
30424	32
31172	32
25878	32
837	32
13203	32
36752	32
36418	32
29765	32
23210	32
29261	32
31379	32
29627	32
37466	32
12819	32
10475	32
25519	32
10930	32
17565	32
565	32
19056	32
1601	32
33569	32
13404	32
22289	32
2350	32
26537	32
28432	32
6056	32
8625	32
4186	32
11181	32
33149	32
6246	32
28151	32
19583	32
20557	32
25313	32
23481	32
17692	32
23562	32
2708	32
5587	32
32575	32
8704	32
32606	32
37607	32
25869	32
7301	32
4999	32
7752	32
1833	32
30457	32
22666	32
4614	32
7052	32
34203	32
28188	32
5268	32
32634	32
11945	32
24806	32
15926	32
20528	32
81	32
8508	32
14398	32
25592	32
25403	32
7785	32
23066	32
30397	32
30689	32
31222	32
35504	32
28748	32
35532	32
10711	32
13696	32
13558	32
19104	32
4706	33
3481	33
28450	33
3629	33
27156	33
24380	33
1332	33
3939	33
10603	33
8663	33
22430	33
5725	33
33288	33
1009	33
38316	33
21962	33
13730	33
22220	33
28544	33
17492	33
15531	33
12249	33
26218	33
25008	33
14251	33
21341	33
16832	33
25158	33
33378	33
8996	33
25851	33
35676	33
20001	33
16645	33
13664	33
34273	33
27373	33
36879	33
25796	34
35859	34
5930	34
1655	1
29156	1
31471	1
11621	1
21790	1
22203	1
7975	1
14900	1
11383	1
37668	1
14074	1
29790	1
5273	1
15640	1
14748	1
34918	1
23564	1
27559	1
3143	1
14367	1
17277	1
8505	1
14087	1
14506	1
6163	1
36034	36
15982	37
22632	37
27787	37
825	37
23328	37
29644	37
3712	37
11294	38
21176	38
30926	38
19343	38
32022	38
8927	38
33673	38
24375	38
36614	38
36762	38
5763	38
34073	38
36590	38
6709	38
7992	38
13603	38
14944	38
2794	38
37748	38
22499	38
22240	38
27504	38
20327	38
10357	38
30768	38
21090	38
16700	38
33786	38
22431	38
20693	38
6482	38
19010	38
22583	38
19560	38
24149	38
4455	38
20955	38
35497	38
2742	38
33954	38
23617	38
21838	38
4241	38
3776	38
36338	38
14318	38
35019	38
14242	38
25793	38
6683	38
22882	38
11384	38
15856	38
32203	38
25334	38
2785	38
24914	38
10699	38
26784	38
114	38
19414	38
20535	38
37665	38
33563	38
2092	38
21503	38
30492	38
24769	38
5832	38
37927	38
33823	38
15440	38
13513	38
25722	38
28367	38
17453	38
33186	38
26324	38
16659	38
28411	38
20713	38
7040	38
4164	38
38086	38
4557	38
23849	5
29026	5
21693	5
17145	5
11091	5
15469	5
16510	39
2764	39
26925	39
37205	39
11379	39
12248	39
7664	39
5006	39
20909	39
26309	39
10253	39
31936	39
7243	39
14002	39
7181	39
9535	33
15621	33
29447	33
35618	40
8956	33
33182	40
4153	33
4295	33
12968	33
1652	33
8747	40
10275	40
14588	40
30196	40
295	40
5663	40
20454	40
34262	40
2988	33
34058	33
31781	40
24782	40
27992	40
12342	33
3	33
36830	33
36424	33
16134	28
27111	28
21592	28
24634	28
16601	28
25221	28
33251	28
37994	28
7541	28
15330	28
35434	28
6924	28
12878	28
36136	28
35678	28
7006	28
27709	28
37364	28
17871	28
1330	28
760	28
36697	28
11022	28
8777	32
27358	32
7206	32
32300	38
21612	38
3655	38
21382	32
6050	32
31454	32
24930	32
31533	38
10985	32
7448	38
30007	32
33891	32
33574	32
18389	38
2089	38
30732	38
26107	38
33963	32
7072	38
29872	32
15570	38
32550	38
12244	38
33867	32
14604	38
25951	38
33044	38
31353	32
8159	38
15959	38
9509	38
35162	38
10013	32
6803	38
20390	38
4550	38
8410	38
19466	38
34911	38
24743	32
25890	32
32624	32
5338	32
30136	32
33896	32
23693	32
8144	32
4469	32
18684	38
15016	38
20490	38
17488	38
31099	38
12399	32
36637	38
20532	38
34702	38
8875	38
5163	32
27993	32
9643	32
30775	32
32201	38
19900	32
22951	38
22775	32
5812	38
2878	38
36277	32
11754	38
31953	38
18678	38
7225	38
4526	38
32191	38
36049	32
36258	32
22954	32
24041	32
33893	32
14778	32
28739	32
30174	32
421	32
18863	32
34711	32
15166	32
85	32
12604	32
17690	32
2108	32
12428	32
14305	32
22334	32
27273	32
3665	32
30188	32
6094	32
17715	5
19153	33
20140	33
24842	33
33610	33
12207	33
36229	33
37365	33
34940	33
13619	33
26895	33
21060	33
31209	33
3201	33
11229	33
29702	33
19035	33
18346	33
17360	33
37848	33
2598	33
24724	33
36772	33
16622	33
10593	33
31675	33
27260	33
8890	33
11898	33
3066	33
24900	33
31305	33
5731	33
21444	33
15478	33
37982	33
32263	33
7205	33
14359	33
2453	33
27220	33
10731	33
33683	33
11256	33
11203	33
9776	33
6154	33
31611	33
23659	33
26149	33
22270	33
15439	33
17262	33
31540	33
15915	14
1390	14
31840	14
30820	14
9949	14
37079	14
15310	14
13711	14
33133	14
3530	14
13264	14
17019	14
163	14
10804	14
35731	14
34722	14
16050	7
21071	7
26750	7
13646	7
19713	7
10869	7
15957	7
5541	7
12682	7
409	7
8786	7
15648	7
14796	7
30996	7
26397	7
26572	7
25045	7
37101	7
14847	7
35928	7
23576	7
6431	7
20444	7
1603	7
25607	7
29604	7
21530	7
30249	7
6636	7
30823	7
38283	7
6060	7
22942	7
30987	7
175	7
37613	7
16455	7
11841	7
3372	7
28195	7
3392	7
24965	7
20880	7
31734	7
28485	7
20398	7
25126	7
18130	7
26694	7
2082	7
2511	7
35610	7
37140	7
2830	7
18541	7
9096	7
27138	7
8847	7
20798	7
30377	7
10576	7
3218	7
16767	7
15725	7
31986	7
35457	7
6477	7
32788	7
24450	7
4330	7
35279	7
14882	7
26022	5
33001	5
17518	5
12392	5
37688	41
34320	41
7792	41
3538	41
21363	41
29285	41
35436	41
5310	41
4429	41
23967	41
25526	41
2260	41
4771	41
19059	41
27007	41
242	41
29692	41
2502	41
20467	41
33863	41
25560	41
15702	41
31690	41
12288	41
14548	41
31238	41
19025	41
22199	41
16615	41
22405	41
37118	41
6106	41
8622	41
29283	41
34757	41
4669	41
35533	41
6157	41
36701	41
30810	41
5989	41
31389	41
4644	41
7293	41
25745	41
28830	42
34528	42
29733	42
23393	42
32987	42
34157	42
26248	42
35643	42
1452	42
11933	42
37193	42
6580	42
25461	42
34325	42
33150	42
32907	42
26584	42
29810	42
24321	42
33326	42
29843	42
9209	42
29023	42
3198	42
1967	42
14626	42
14308	42
7487	42
25256	42
24298	42
26866	42
2114	42
9880	42
1256	42
27659	42
24361	29
28288	29
24785	29
34257	29
21218	29
29133	29
32891	29
176	29
16404	29
19779	29
508	29
14332	29
5020	29
30296	29
24366	29
31212	29
27495	29
19736	29
9326	29
10655	29
31287	29
9634	29
28915	29
33754	29
34307	29
18382	29
22365	29
25491	29
31413	29
2363	29
21729	29
6684	29
31604	29
24201	29
5218	29
11161	29
33674	23
32807	23
18984	23
8276	23
20926	23
27263	23
31164	23
10319	23
4968	23
18687	23
20576	23
7970	23
14460	23
20571	23
7843	23
37495	23
21266	23
37059	23
30192	23
21549	23
23270	23
2740	23
24770	23
37163	13
18643	13
23848	13
16354	43
14145	13
24976	13
1741	43
32365	13
1902	13
34050	43
34042	43
11734	13
20170	13
7202	13
4859	13
7220	13
4933	13
15943	43
7402	13
10053	43
25423	43
31244	43
24860	43
29216	43
28104	43
25771	43
29028	43
6377	43
38195	43
37904	43
12517	43
25573	13
32341	43
13336	43
274	13
5	13
10359	43
26013	13
19794	43
13284	43
10913	13
30420	43
18381	13
3909	13
19022	13
4182	13
30404	13
26661	43
3697	43
5371	43
25019	9
6680	9
36207	9
4624	9
16018	9
24953	9
30887	9
32307	9
9372	16
31930	16
6865	16
32261	16
32361	16
24485	16
14485	16
9099	16
10358	16
19634	16
11192	43
4752	16
15565	16
12506	16
14434	16
7147	16
32720	16
5751	16
9516	16
22070	16
1990	16
33377	16
20769	16
34422	16
26282	16
23221	16
24193	16
9424	16
23640	16
33728	16
31252	43
1676	43
11443	43
19511	43
17816	43
11570	16
3414	16
13590	43
33190	16
2520	6
11887	6
5101	6
650	6
17386	6
8952	6
16180	6
24010	6
22169	6
35875	6
7655	6
37783	6
36778	6
14059	6
30014	6
19964	6
8714	6
29646	6
32334	6
26256	6
4500	6
24236	6
22652	23
2355	23
21111	23
17474	23
30511	11
22638	11
31668	23
19350	23
29566	23
31047	23
1432	23
24186	11
22902	11
25169	23
9201	23
21937	11
29245	23
35265	23
11201	23
25528	23
14316	23
7360	23
590	23
37427	23
33926	23
3254	23
19102	23
33518	23
35494	23
32295	23
692	23
8132	23
31989	23
22703	23
28775	23
1787	23
29119	23
35363	23
23691	23
14294	23
30260	23
30599	23
3072	23
23596	23
37597	23
6393	23
16993	23
34165	23
17942	23
26352	23
31688	23
31597	23
230	11
4071	23
25156	23
13049	23
18497	23
648	23
4060	23
73	23
3303	23
36987	11
7288	11
16705	23
35851	23
24584	23
26736	23
5905	23
505	23
8166	23
21475	23
5491	23
37997	23
4343	23
20779	23
33331	23
22982	23
26221	23
19545	11
9303	23
489	23
18408	11
3716	23
19801	23
19365	23
19605	23
25106	23
15529	23
36362	23
1219	23
21097	23
29982	23
10348	23
16572	23
34195	23
37334	23
260	11
4338	23
21587	23
31101	23
12297	23
38302	23
16155	23
13599	23
33616	23
33848	23
627	23
14615	23
9186	23
32582	23
8156	23
22549	23
5475	23
35622	23
25448	23
36727	23
24727	11
22802	23
31630	11
7733	11
6176	23
22395	23
14629	23
25881	23
34264	23
807	23
9074	11
18234	23
37735	11
27864	11
1116	11
6408	11
15036	23
9472	23
20516	11
13533	11
28451	23
18425	23
5572	23
8245	23
8731	11
7064	39
34449	39
7631	39
20037	39
36001	39
17247	39
19827	39
456	39
25095	39
32702	39
30891	39
19662	39
21329	39
26087	39
34971	39
16062	39
25354	39
35619	39
3621	39
23805	39
31627	39
21921	39
2259	39
12889	39
6267	39
20678	39
7450	39
21293	39
30085	39
37487	39
32272	39
3797	39
28786	39
12662	39
447	39
27685	39
19883	39
9695	39
18519	39
36251	39
14384	39
20497	39
17679	39
38258	39
3065	39
24572	39
27875	39
16589	39
31079	39
19927	39
13140	39
12442	39
33399	39
16434	39
2432	39
5259	39
35095	39
992	39
19679	39
10781	39
3421	39
9645	39
6899	39
12250	39
7310	39
37070	39
15152	39
10588	39
16079	33
7001	33
19197	33
8384	33
3564	33
28342	23
538	33
37732	33
3362	33
1501	33
25196	33
20968	33
6192	33
36576	33
30238	33
13493	23
5957	33
37467	33
14877	33
20817	33
33868	33
16461	33
29777	33
20606	33
29548	33
16128	33
12690	33
35193	23
10993	23
3972	23
36085	23
12702	33
20360	33
19145	33
34053	33
37135	33
17292	33
5771	33
4204	33
6391	23
19119	33
524	33
3570	33
20708	33
27098	33
13232	33
4376	33
25812	33
26008	33
18203	33
18099	33
7734	33
8029	33
8176	33
27587	23
3565	33
18699	33
20324	33
9541	33
27854	33
22704	33
776	23
13407	33
26467	33
5716	33
27054	33
20915	5
14676	5
29146	5
25827	25
31855	25
22305	25
13391	25
287	25
24783	25
20805	25
31080	25
24662	25
6172	46
14174	46
1084	7
1331	7
28654	7
29434	7
18977	7
6379	46
22886	46
12001	7
36003	46
24885	7
23238	7
33278	7
11845	7
21796	7
10059	7
11761	7
31485	7
16667	7
33670	7
17486	7
27183	7
24424	7
10500	46
20146	7
4956	7
515	7
25542	7
13364	7
22679	7
17590	7
13436	46
6991	7
26956	7
1570	46
9141	7
1897	7
28197	7
1558	7
11542	46
3766	46
8963	7
34584	7
28476	7
29596	7
10929	46
32322	7
12406	46
25125	7
3922	7
14976	7
34677	7
35719	7
12907	7
723	7
16443	7
25838	7
17614	7
8136	46
7700	46
4775	7
14385	7
38125	46
35774	7
24168	15
16007	15
18343	15
19642	15
2207	15
26076	15
32970	15
20601	15
24643	15
6202	15
24340	14
34726	14
1719	14
5925	14
27172	14
9181	14
34114	14
7953	14
25661	14
4299	14
3438	14
35077	14
17509	14
9370	14
3070	14
5470	14
31680	14
4351	14
20144	14
5648	14
26183	14
36416	14
36870	14
9558	14
30793	14
25967	14
28031	14
36537	14
2765	14
7283	14
20776	14
18553	32
9373	14
23956	14
24961	14
23155	32
30639	14
30904	32
2557	14
25972	32
24311	32
12183	14
21573	14
17616	32
27207	32
10101	32
33353	32
20027	14
13775	14
26318	14
18658	14
33675	32
22786	32
7299	14
23637	14
21935	14
23905	14
8937	32
8736	14
17320	14
35179	32
13303	32
28556	32
37679	32
14571	47
11548	48
33694	48
17780	19
1759	19
25845	19
22558	19
15416	19
1119	19
12621	19
11911	19
16535	19
18756	19
24438	29
37743	29
26764	29
12267	29
13030	29
14519	29
17702	29
24247	29
23695	29
23734	29
36994	29
31219	4
25952	4
26244	4
8247	4
1302	4
14856	4
25323	2
14225	4
21333	4
4538	4
20174	4
3107	4
18655	4
36995	4
17285	4
6758	4
18771	4
30972	4
2446	4
21564	4
24568	4
21578	4
30673	2
24194	2
1671	2
26979	4
9468	4
28295	2
18935	4
20279	4
22706	4
19572	4
18000	4
7170	4
23060	4
5658	4
17105	2
18120	4
34137	4
37945	4
11231	4
28294	4
26678	4
1130	2
35202	4
22200	4
2437	4
31136	4
199	4
15210	4
16242	4
25932	4
1103	4
323	4
27014	2
7495	30
33966	30
28931	30
8878	30
11785	34
18692	30
21130	30
21964	30
10625	30
33888	30
15028	30
364	30
19083	30
5552	30
16905	30
11976	30
8592	30
10705	30
22401	30
366	30
15883	30
16418	30
25318	30
14660	30
7897	30
14486	34
25944	30
11623	30
3686	30
16799	49
11416	49
22922	49
155	49
31718	49
33418	49
9462	49
712	49
1547	49
21128	49
573	49
15608	49
29931	49
21898	49
37709	49
23765	49
26121	49
6920	49
31186	49
27935	49
31460	49
3911	49
20223	49
20449	49
799	49
11995	49
9669	49
32097	49
21091	49
20814	49
38024	49
32581	49
578	49
15173	49
6753	49
3941	49
32077	49
23032	49
10515	49
14240	49
8643	49
9550	49
14310	49
2526	49
26199	49
28835	49
13897	49
13996	49
27285	49
226	49
21059	49
35076	49
19092	49
15816	49
29420	49
9812	49
634	49
1149	49
17842	49
14832	49
33291	49
29945	49
37385	49
13252	49
30251	49
19233	49
37235	49
38104	49
27031	49
23061	49
16440	49
34651	49
3748	26
31894	26
10087	26
32768	26
7937	26
32439	26
976	26
26378	26
5649	26
38396	26
29065	26
4448	26
23690	26
22071	26
28126	26
11665	26
37225	26
20948	26
10700	26
9803	26
33486	26
30231	26
9686	26
34184	26
1414	26
5673	26
1927	26
4855	26
3959	26
13724	26
15203	26
2927	26
3666	26
31004	26
9810	26
36902	26
35425	26
12355	26
6768	26
20396	26
8997	26
33146	26
21760	26
37833	26
19301	26
29971	26
10174	26
37826	26
37537	26
26228	26
6013	26
8490	26
17189	26
20715	26
28290	26
38395	26
14155	26
16127	9
36334	9
25497	9
27362	9
33316	9
37552	9
17835	9
10081	9
3598	9
4479	9
20744	9
12475	9
29678	9
37638	9
14133	9
33785	9
31260	9
721	9
8599	9
23962	9
32233	9
2797	9
24697	9
21737	9
7172	9
3907	9
14806	9
35805	9
4626	9
7440	9
7294	9
3300	9
3845	9
27574	9
30772	9
2238	9
35232	9
31750	9
12556	9
16470	9
30361	9
19772	9
13514	9
17369	9
2884	9
2421	9
2231	9
12568	9
34850	9
32323	9
983	9
33452	9
31003	9
13823	9
26651	9
7003	9
5991	9
26039	9
9467	9
28407	9
17407	9
11038	9
8998	9
27219	9
23878	9
34470	9
20504	9
25177	9
22021	9
21919	9
35740	9
11645	9
6829	9
31569	9
3869	9
3257	9
15398	9
35362	9
29068	9
3073	9
28135	9
19984	9
13	9
643	9
23443	9
34889	9
7749	9
37044	9
15002	9
31093	9
31061	10
2117	10
8441	11
19850	8
17282	43
5615	43
37291	43
1536	43
31838	43
10948	43
8209	43
14	43
28699	43
8685	43
24403	43
17016	43
27146	43
32162	43
24038	43
16610	43
12211	43
14675	43
17251	15
22489	15
15875	15
17227	15
26373	15
26687	15
25347	15
30767	15
20700	15
4676	15
8850	13
27925	13
31884	13
30048	13
34788	13
3461	5
23017	5
37358	5
31245	5
5883	5
16493	5
37064	5
27606	5
24937	5
33862	5
30955	5
6939	5
14355	5
38227	5
32689	5
5219	5
33461	5
7657	5
20200	5
22776	5
36181	5
5104	5
12585	5
2067	5
27366	5
10113	5
31951	5
11685	5
22419	23
1566	23
20794	23
14859	23
13691	23
17806	23
26924	23
8297	23
33798	23
5756	23
1687	23
21448	23
1577	23
3151	23
6182	23
6330	23
35793	23
36357	23
36709	23
4309	23
12303	23
8862	23
33553	23
19486	23
794	23
28745	23
11595	23
1020	23
36770	23
7661	23
1785	23
690	23
7044	23
29583	23
36797	5
5203	5
6153	5
17112	5
11159	5
19866	5
10476	5
37253	5
11114	5
20517	5
36368	5
23853	5
29531	5
23353	5
2697	5
2676	5
31062	5
26965	5
7227	5
126	5
28481	5
1896	5
15790	5
29940	5
8931	5
12728	5
23484	5
20749	5
7591	5
18350	5
16108	5
4975	5
34959	5
16152	5
25078	5
6623	5
25275	39
30400	39
25026	39
22356	39
2055	39
6890	39
4665	39
24151	9
10194	39
34209	39
24332	39
28187	39
35542	9
22729	39
18471	39
9769	39
24448	39
22067	39
24857	39
31804	39
17652	39
22340	7
10979	7
7803	7
22975	7
2145	7
8739	7
14917	7
6513	7
38403	7
17095	5
13070	5
31702	7
10327	7
19941	7
32415	7
12750	5
29904	7
2236	5
27395	7
22084	5
2514	7
20477	14
16873	14
37309	14
34075	51
4587	51
36027	51
19382	51
9202	51
7219	51
23850	51
37010	51
8451	51
1496	51
33556	51
24908	51
6966	51
1360	51
11497	51
932	51
33222	51
31312	51
34801	51
28555	51
17402	51
17622	51
1147	51
1509	51
12224	51
9145	51
12146	51
33465	51
34625	43
26700	43
33406	43
1757	43
24325	43
13872	30
38385	30
3860	30
7381	30
35328	30
2940	30
16695	30
20173	30
30495	30
22924	30
18679	30
23871	30
25694	30
5973	30
30436	30
37401	30
32358	30
31391	30
30523	35
2081	30
19669	35
10469	30
21452	30
25317	35
10396	30
22238	30
38223	30
37186	30
15115	30
30602	30
7688	30
8147	35
25590	30
26695	30
764	30
4888	30
22298	30
22569	30
4089	30
35748	30
33631	30
38046	30
22447	30
31998	30
20406	30
17164	35
35951	35
9239	30
1221	35
10584	30
7207	30
2721	30
3725	30
10349	30
1899	30
13998	30
14456	30
33198	30
30562	30
13390	30
25921	35
20829	35
34769	30
20837	30
27375	30
38243	30
21429	30
6615	30
26684	30
36934	30
9689	30
14330	30
25731	30
20185	30
26346	30
19721	30
2953	30
36055	30
36151	30
15660	35
5367	30
15874	30
32209	30
21851	30
36634	30
23733	30
37197	30
3236	30
30791	30
2629	30
26219	35
13441	30
4088	35
27086	30
35217	35
32745	30
37883	30
4363	35
28981	35
10651	30
8812	30
18252	30
9026	35
12619	30
34029	30
2418	35
30161	35
1229	30
25674	30
19908	30
25858	30
30430	30
1862	30
25561	30
35010	35
830	30
12141	30
38379	35
9679	30
12770	30
34995	30
3842	30
35357	30
25708	30
29573	30
16125	30
2097	30
23771	30
25702	30
5885	35
25632	30
28984	30
30340	47
31084	47
7297	47
18919	47
23308	21
880	21
22290	21
3803	21
37151	21
2883	33
29402	33
22461	33
35121	33
12099	40
8656	33
21927	40
19858	40
10880	40
34312	40
29398	40
11092	40
15380	40
26368	40
7475	33
1743	40
28122	40
4095	40
2784	33
10663	33
25586	33
12020	40
31827	33
5578	33
22787	40
8246	33
20278	40
1748	40
5364	33
5499	40
24139	33
21089	33
13981	33
16564	33
35634	40
2880	40
4863	40
1922	33
4301	33
7788	33
20826	33
26215	40
16712	33
2915	33
10286	33
16935	33
33026	40
24731	40
20028	40
34298	33
10433	33
23106	33
16766	40
36218	40
6015	40
20555	33
36248	40
11030	33
32400	33
11982	33
11335	40
37987	40
1818	33
10274	33
674	33
22644	33
20772	40
5882	40
27030	33
12628	40
36850	40
24819	33
16164	33
11918	40
15587	33
22313	40
30475	33
7662	33
12041	40
32124	33
23074	40
5342	40
18993	40
8814	33
30705	40
13296	40
6887	40
29998	40
26049	40
11133	40
10119	40
26214	40
10313	40
17278	40
18832	33
9155	33
27872	40
35660	40
7213	23
8125	23
26711	23
30064	23
28335	23
29534	23
19886	23
34814	23
33738	23
9282	23
1753	23
22934	23
16097	23
21915	23
13733	23
25750	23
1851	23
11326	23
23503	23
35500	23
8903	23
29115	23
34678	23
35587	23
22369	23
28495	23
29622	23
3720	23
19653	23
37490	23
18785	23
6156	23
33157	23
36495	23
36280	23
17811	23
6845	23
18095	23
23445	2
36802	2
33721	2
32084	2
3039	2
7014	2
21428	2
12647	2
19012	2
25201	2
12182	2
22591	2
29845	2
33842	2
36337	2
24238	2
14892	2
20704	2
11195	2
37388	2
21886	2
6949	2
27929	2
24928	2
25393	2
26105	2
6521	2
30343	43
34122	43
15037	43
17323	43
18636	43
23920	43
11955	43
12348	43
7756	43
29279	43
34030	43
4278	43
25185	43
4365	43
3033	43
1265	43
3332	43
16868	43
13747	43
2180	43
14044	43
10620	43
22527	43
33243	43
34933	43
25388	43
22670	43
10794	43
10679	43
28526	43
34330	43
35701	43
26299	43
19140	35
31430	35
34040	35
19628	35
30102	35
26793	35
7557	35
31754	35
16241	35
5042	35
37320	35
25120	35
5294	35
11230	35
9344	35
30483	35
12911	35
20180	35
30021	35
26652	35
31119	35
1070	35
34290	35
5032	35
33974	35
22264	35
28947	35
36475	1
32427	1
26799	1
20819	2
35433	2
17821	2
6160	2
2032	2
17033	2
25150	2
2406	3
30834	1
16457	1
8576	2
2871	1
898	1
31381	1
9708	49
33073	49
7284	49
19703	49
23571	49
13765	49
36853	49
28441	49
36145	49
17202	49
1590	49
37053	49
8277	49
26782	49
8887	49
37370	49
33992	49
12057	49
7572	49
31052	54
23570	54
15518	54
4983	54
38360	54
17596	54
37729	54
31421	54
6127	54
3430	1
18891	1
1373	36
36047	36
32480	36
24866	36
24691	36
15858	36
10864	36
1086	36
31270	36
5413	36
30893	36
23285	36
28075	36
27494	36
22190	36
20783	36
23313	36
14940	36
2407	36
31105	36
14458	36
15193	36
20754	36
4504	36
22531	36
18980	36
29230	1
4045	36
24164	36
17331	36
911	36
34286	36
36316	36
3610	36
25539	36
34031	36
251	36
28443	36
2454	36
36541	36
2843	36
3710	36
36290	36
14163	36
15994	36
20297	36
20423	36
9484	36
35270	2
17175	36
17327	36
8480	36
3757	36
33794	36
34351	36
35560	36
36984	36
25159	36
1678	36
22626	36
28279	36
1872	36
9147	36
32869	36
14989	36
14955	36
37041	36
28136	36
18743	36
12226	36
27242	2
18746	1
12635	20
35431	20
14464	20
29080	20
32766	20
713	20
27899	20
10446	20
21940	20
1231	20
20485	20
23139	20
370	20
21751	20
26522	20
29166	20
32195	20
34488	20
9271	20
21667	20
29779	20
36078	20
18826	20
24924	20
8970	20
11217	20
1244	20
29547	20
18930	20
30081	20
18808	20
21433	20
21375	20
14549	43
31115	43
18768	43
3508	50
6093	43
26737	43
14928	50
19837	43
23421	43
6747	43
32686	43
24741	43
35991	43
29755	50
33300	43
12959	43
29788	43
33224	43
5421	43
36946	43
34541	50
7429	50
12703	50
6567	43
7464	43
28879	43
12752	43
21714	43
35456	43
37786	43
18865	43
20457	43
14850	43
9544	43
2344	43
27154	43
26358	43
24013	43
1447	43
899	43
3314	43
15487	43
5251	43
6486	43
2654	43
552	43
7195	43
14768	43
30782	43
36405	50
35640	43
7109	43
31815	43
25353	43
38186	43
26862	43
33882	43
38364	43
26209	43
1597	43
30376	43
17004	43
873	43
32120	43
30184	43
29554	43
3547	43
9158	43
22399	43
137	43
8979	43
18860	43
18843	43
20850	43
12882	43
22346	43
29381	43
28948	43
665	50
14899	43
6912	43
23626	43
11367	50
11105	43
5029	43
24981	50
6313	43
35568	43
22836	43
9784	43
28695	43
20448	43
12274	43
37701	43
22578	43
17414	43
7248	43
1384	50
29015	43
23509	50
30807	43
24109	43
2723	43
34520	50
14845	50
3999	43
26990	50
8425	43
6284	43
20138	43
17335	43
8152	43
9037	43
35166	43
17837	43
15335	50
9844	1
8379	2
8207	10
1099	1
11834	1
3319	1
33903	1
29030	49
10302	49
621	1
23462	1
24440	1
1582	43
19702	53
6813	53
22348	53
11657	53
13650	53
1593	43
23798	53
30541	53
7309	53
16370	43
30722	43
17178	43
6476	43
38097	53
29891	43
16671	53
18295	43
9924	43
5378	43
25599	53
35668	53
1725	43
29823	53
14692	43
15449	53
24294	53
4884	53
32496	53
17710	53
17874	43
34629	53
15107	53
19608	53
3704	43
27757	53
1507	53
38089	53
6726	53
10924	53
33284	53
5348	53
6916	1
27396	49
6988	49
9204	49
19507	49
30844	49
18853	49
21338	49
25015	49
33237	49
13190	49
34426	49
23252	49
5711	3
17893	3
15003	3
12259	3
6844	1
19601	3
20500	3
30550	3
34652	3
34491	3
8537	3
1367	3
20932	3
19284	3
18829	2
8307	5
22861	5
12269	5
34716	5
14745	16
17468	16
19146	16
15020	16
31204	16
30498	16
31327	16
7854	16
19316	16
5893	16
14990	16
31341	16
17231	16
11146	53
14664	53
6392	53
34898	53
35329	43
8140	53
14289	53
25663	43
10836	53
31352	53
19452	53
19759	53
22286	53
30346	43
28241	53
6971	53
20302	53
31726	53
31279	43
31852	43
35191	43
7452	43
20478	43
18361	43
4617	43
9998	53
18745	43
14219	43
11440	53
23624	53
14791	53
3045	53
13995	53
2382	43
17380	43
29241	53
14306	53
5112	53
26699	43
29254	53
38157	43
550	53
27109	43
32009	53
29857	53
25242	53
24565	43
18167	43
32901	53
28006	43
14831	53
2703	43
23707	53
14103	53
36004	53
21722	53
9984	53
26269	53
15296	53
7596	52
29802	52
2279	36
2812	36
6670	36
4505	36
14858	36
18940	38
18230	38
11640	38
35346	38
7835	38
2497	38
23670	38
11720	38
8785	38
32264	38
25882	38
17387	38
16970	38
8582	38
1159	38
196	38
13787	38
35971	38
28482	38
10276	38
17047	38
13454	38
29049	38
28729	48
27856	48
37418	48
22613	48
18118	20
15653	20
7474	20
10994	48
24616	48
1589	48
20274	48
5432	48
24847	48
19455	48
4404	48
18195	48
18043	48
18618	48
14117	48
26604	48
5847	48
26095	48
14909	48
19288	48
18074	40
21326	48
33843	48
17743	48
20650	48
22301	48
16137	48
5004	48
6265	48
13989	48
29365	48
3492	48
7215	48
3297	48
33165	48
32431	48
10305	48
4612	48
34340	48
9738	48
8320	48
15930	48
2925	48
25348	48
22811	48
30243	48
25443	48
23889	48
2063	48
20443	20
15988	14
34332	1
26124	1
2121	1
27309	1
8092	1
21244	1
4098	1
15282	1
26598	1
4356	1
29495	1
36222	1
12669	1
37577	1
14037	1
2053	1
10939	1
28242	1
1436	1
7652	1
10844	1
25155	1
9900	1
24200	1
8405	1
19664	1
4776	1
8460	1
858	1
17937	20
29926	20
36186	20
37270	19
30417	19
34194	19
22572	19
37803	19
34860	19
9892	19
26126	19
35152	19
11514	19
16584	19
29955	19
337	19
6432	19
3695	19
3216	19
11297	19
8999	19
30622	19
34900	19
34669	19
16267	19
2666	19
36754	19
26436	19
24417	19
17326	19
23427	19
3672	19
22328	19
29479	19
20796	19
34463	19
20577	19
35685	19
37935	19
2503	19
3505	19
13788	19
4266	19
17151	19
9603	19
7841	19
31251	19
345	19
461	19
3273	19
12092	19
11353	19
17156	19
1460	19
30718	19
18620	19
26628	19
4149	19
25638	19
19859	19
12331	19
31520	19
1399	19
17830	19
36719	19
3103	19
30738	19
8624	19
29638	19
10419	1
8077	1
7254	1
20201	1
26859	1
13370	1
25440	1
16129	1
13179	1
1467	1
12934	1
34259	1
8351	1
33737	1
9886	1
16236	1
30144	1
37899	1
11040	1
25533	1
15705	1
28438	1
22785	1
2853	1
37519	1
5135	1
24412	1
5866	1
1968	1
32622	1
35724	1
33830	1
16366	1
4833	1
16084	1
30182	1
30911	1
17654	9
18673	9
4632	9
2048	9
10928	9
21682	23
26566	35
8288	35
10852	35
26702	35
16446	35
36488	35
9542	35
19206	35
6952	35
21358	35
31875	35
4696	35
2283	35
8730	35
21365	35
2524	35
13631	35
6046	35
32205	35
27250	35
5802	35
30277	35
31837	35
8141	35
4227	35
9916	35
29617	35
15112	35
13542	35
28361	35
1580	20
5995	20
31269	54
2449	54
5612	54
31768	54
33554	54
22296	54
26767	54
6667	54
31836	54
10970	54
28198	54
31404	54
1315	54
14112	54
24423	54
25712	54
26161	54
31769	54
19898	54
7127	54
6252	54
29346	54
8620	54
58	54
34210	54
15895	54
21990	54
29103	54
16990	54
37578	54
10014	54
15872	54
28134	54
4559	54
715	54
8917	54
7826	54
37080	54
18693	54
12595	54
4867	54
37463	54
173	54
5705	54
36332	54
8497	54
12516	54
1197	54
17840	54
37348	48
7613	48
21422	48
31175	48
26493	48
32301	48
8242	48
25908	48
12680	48
21966	48
22780	48
37812	48
2287	48
28682	48
3310	48
16985	48
31638	48
17771	48
30388	48
6309	48
4101	48
6725	48
13300	48
24177	48
37722	48
11506	48
10786	48
1643	48
5788	48
30624	48
9165	5
19421	5
14717	5
9047	5
30569	5
3746	24
20945	5
13851	5
32748	24
21267	5
2854	5
5078	5
13573	2
16986	2
18276	2
8748	2
7893	2
32828	2
21996	2
4007	2
3504	2
3418	2
14317	2
30072	2
3293	2
329	2
22713	2
23615	2
31906	2
11138	2
20470	2
29494	2
7530	2
21289	2
20011	2
12788	2
6974	2
19570	2
33049	55
21746	55
28078	55
7696	55
1186	55
26131	55
5780	55
19098	55
14391	55
13701	55
23833	55
32039	41
30237	41
32389	41
33924	41
5759	41
34512	13
520	13
379	56
33635	22
19615	22
37254	56
15261	22
22896	22
17769	56
35543	13
5923	56
1961	56
19478	56
12220	56
10766	56
17229	56
22030	56
20131	56
3861	22
8194	22
14347	22
417	13
19341	22
2309	56
36864	56
14320	22
26757	56
9923	56
8901	56
6995	56
13961	22
12053	22
32402	56
2011	22
31831	22
12685	22
10796	56
13384	56
10669	22
22184	56
36889	56
6903	56
7128	56
19824	56
14512	56
32454	22
24833	56
18367	22
37381	22
21100	22
8765	56
34821	22
14337	13
4739	22
488	56
38353	22
13181	22
20987	56
35266	56
10659	56
24715	13
4341	22
11677	22
27416	22
20550	22
7676	56
8414	13
14916	56
22213	56
25574	13
11600	13
8181	22
23662	22
30353	46
23759	7
12108	7
11807	7
30019	7
18431	46
6400	7
9285	7
33071	7
28806	7
29689	46
5485	46
24787	7
35846	7
7238	7
31583	7
3883	46
15712	46
29666	7
35343	46
33411	7
29894	7
2975	7
31652	7
4890	7
16701	6
4482	6
30047	6
23516	6
12349	6
34639	6
19273	6
30646	6
38349	6
35282	20
15029	20
17831	20
16187	20
3684	20
14113	20
19016	20
34624	20
14642	20
1631	20
4162	20
6442	20
36948	20
18877	20
1987	20
18513	20
25147	7
35905	7
32795	7
27101	7
24349	7
25900	7
36069	7
6776	7
961	7
9782	7
9876	7
7278	7
13828	7
11018	7
31643	7
25690	7
37929	7
31946	7
3113	7
19121	7
22428	7
27429	7
19867	7
13089	7
35546	7
33515	7
9396	7
32719	7
10420	7
35593	14
33697	57
9110	57
27813	57
14982	57
13626	14
11210	57
3146	14
27336	57
26380	57
28805	57
16142	7
3858	7
32484	7
20084	7
5516	7
9427	7
386	7
28589	7
2683	7
34638	7
24159	7
27348	7
33433	7
24873	7
33410	7
11336	7
17204	7
12181	7
10471	7
12070	7
23437	7
37071	7
27535	7
7886	7
31878	7
31755	7
33846	7
11361	7
5276	7
2618	7
13040	7
9697	7
17427	7
10760	7
21945	5
6355	5
10285	5
7754	5
7594	5
7718	5
17167	5
19411	5
33530	5
36066	5
5830	5
28046	5
22705	5
7375	5
26172	5
19385	5
23336	5
34595	5
8987	5
24153	5
17070	5
18254	5
9549	5
35030	5
14964	5
33338	5
24341	5
26523	5
13186	5
11185	5
31897	5
20046	5
10502	5
368	5
28715	5
34396	32
21523	32
35838	32
1867	32
12026	32
20217	32
6830	32
37949	32
30301	32
702	32
33311	32
4765	32
36560	32
9167	32
24326	32
35153	32
24500	32
33769	32
36097	32
15893	32
22611	32
10398	32
16665	32
37188	32
36613	32
2352	32
17722	32
16025	32
17637	32
32793	32
16650	32
20043	32
1391	32
8228	32
3247	32
16921	32
19363	32
21853	32
3148	32
29629	32
34989	32
5369	32
7276	32
16518	32
4115	32
8546	32
24834	32
3550	32
24751	32
423	32
29356	32
2299	32
37168	32
33145	32
22161	32
23753	32
18535	32
28635	32
4507	32
15078	32
1343	32
21595	32
6557	32
33164	32
37775	32
38230	32
16276	32
10988	32
8701	32
29827	32
20044	32
33905	32
34010	32
31019	32
32888	32
11468	32
10960	32
9305	32
35308	32
18774	32
37281	32
1651	32
22796	32
1573	32
38222	32
16678	32
730	32
25183	32
32967	32
13726	32
19240	32
14215	32
18659	32
14670	32
31577	32
20234	32
27613	32
9675	32
31931	32
12387	32
7951	32
16660	32
15273	32
36303	32
28505	32
12137	32
4720	32
30322	32
28836	32
29528	32
25278	32
5365	32
21846	32
26115	32
21677	32
18714	32
12671	32
30592	32
29572	32
28803	32
13596	32
28921	32
17750	32
15136	32
36950	32
16988	32
400	32
14977	32
21973	32
14600	32
29866	32
27168	32
36662	32
15063	32
7045	32
10713	32
18369	32
28454	32
26936	32
23027	32
1704	32
6238	32
24378	32
11538	32
15339	32
24748	32
19744	32
24633	32
28148	32
19394	32
29670	32
22864	32
2685	32
13739	32
24314	32
32397	32
9895	32
1202	32
30570	32
19386	32
4598	32
30879	32
19049	32
32948	32
13410	32
34607	32
6426	32
28669	32
8603	32
9042	32
8341	32
22440	32
5762	32
22794	32
2123	32
12413	32
20059	32
37798	32
22232	32
10278	32
19093	32
31940	32
7009	23
2341	23
32896	23
13276	23
6199	11
4518	23
28878	23
8566	23
813	23
37967	23
20341	23
36918	23
30571	23
2188	23
29112	23
5877	23
5772	23
2316	23
11469	11
19118	23
26133	23
20990	23
967	23
31134	23
11145	23
17826	23
28389	23
10191	23
34567	23
12231	23
31374	23
10510	23
32761	23
6657	23
839	23
17263	23
37862	23
13634	23
3125	23
8560	23
20325	23
14435	23
25545	23
22678	23
8043	23
12196	23
11731	23
27127	23
912	23
32466	23
23726	23
22137	23
36595	23
2892	23
15777	23
23677	23
19855	23
26007	23
14643	23
36479	23
2788	23
5460	23
22923	23
32274	23
11593	23
23401	23
7710	23
10004	23
18533	23
3029	23
27319	23
9100	23
901	23
15674	23
2660	23
7905	23
27122	23
10341	23
25338	23
27997	11
18854	23
21616	23
36193	23
15025	23
11948	23
35945	23
17289	23
4501	23
26311	23
13231	23
19909	23
13135	23
20830	23
24471	23
8430	23
7162	23
26759	23
21291	23
6324	23
20357	11
13795	23
1303	23
29165	23
18773	11
37085	11
3455	23
17984	23
20039	11
11815	23
20873	11
25652	23
26262	23
16231	23
12908	23
12386	23
35298	23
1939	23
14880	23
34598	23
12936	23
13346	11
14707	23
17180	23
24840	23
19869	23
36622	23
18558	23
12656	23
7280	23
30510	23
8972	23
29817	23
13890	23
23555	23
33752	23
20070	23
10250	23
38210	23
22742	23
30037	11
745	23
19921	23
1152	23
32426	23
8990	23
8843	23
3556	23
21334	23
28971	23
2079	23
2014	23
23167	23
19795	11
19535	23
21833	23
15949	23
27898	23
7630	23
563	23
6335	23
21649	11
11780	23
27281	23
14622	2
18976	2
25832	2
19137	2
3446	2
23307	2
37375	2
37870	2
30410	2
11477	2
3878	2
4493	2
10564	2
37580	2
33817	2
35312	2
38113	2
27051	2
10837	2
27740	2
27308	43
14333	43
21639	43
8664	37
4596	37
26237	37
24255	43
28057	43
17187	43
18171	37
27387	37
21670	43
20782	43
23980	43
31108	43
3913	43
33018	43
20049	37
28484	43
14724	43
34458	43
4177	43
35860	43
29783	43
23204	43
21295	37
35014	43
28210	37
856	43
19071	37
18609	43
11019	37
26717	43
1845	43
24290	43
14601	37
14869	43
6200	43
10833	43
20905	2
32387	2
34953	2
27897	2
21489	2
14249	2
11693	2
33227	2
17675	2
33933	2
20031	2
12547	2
34404	2
10686	2
35164	2
1887	2
23791	2
7551	2
12173	2
13132	2
12979	2
9377	2
35243	2
11193	2
5299	2
15211	2
18341	2
35246	2
2457	2
27182	2
29209	2
14478	2
27788	2
26599	2
35994	2
38105	2
27020	2
3866	2
21502	13
752	13
19518	13
29096	13
38271	13
15378	13
36583	13
1338	13
27398	13
15684	13
31759	13
23830	13
6030	13
3269	13
5639	13
933	13
1919	13
34271	13
9525	13
10074	13
21180	13
27261	13
2837	13
33354	13
10645	13
14739	13
1405	13
23277	13
1100	13
22962	13
34836	13
24810	13
34943	13
14473	13
11566	13
24492	13
8572	13
25743	10
7820	10
33248	10
21823	10
32067	10
19726	10
15483	10
27084	10
32655	9
17812	9
13152	9
22873	9
16634	9
34063	9
19897	9
18079	9
26681	9
6666	9
14160	9
36005	9
17621	9
2562	9
13109	9
3206	9
30387	9
15547	9
27344	9
16165	9
2725	9
25567	9
6609	9
13107	9
15626	9
140	9
28035	9
9129	1
13814	1
26329	1
28275	14
2065	1
12105	1
14901	1
16806	1
22646	14
19972	1
6205	1
12258	14
11087	14
17017	1
21157	1
35917	1
35876	14
14191	1
27777	14
16299	1
23685	14
4656	1
38151	14
6253	1
30941	1
37765	1
16082	1
38106	1
104	1
17887	1
32867	1
1062	48
32729	48
30556	48
93	48
19236	48
5410	48
12324	48
8318	48
34991	48
32944	48
32749	48
33739	48
21302	48
5611	48
29804	48
7036	48
5647	48
18011	48
1537	48
25602	48
30959	48
1841	48
10809	48
18429	48
4740	48
33220	48
23748	48
36384	48
27028	48
9333	48
25047	48
24901	48
23091	48
3382	48
22192	48
27421	48
24327	48
5708	48
4633	48
15428	48
34318	48
17645	48
24762	48
17971	48
32294	48
25966	48
23456	48
3726	48
26060	48
31234	48
34510	48
29747	48
8614	48
4152	48
32726	48
29593	48
3219	48
12432	48
10009	48
19540	48
23468	5
2815	5
4148	5
30900	5
23931	5
36603	5
18642	5
37430	5
20790	36
33960	28
19761	36
21260	36
111	36
11262	36
27047	36
14953	36
3155	36
32449	36
11488	58
6064	36
7967	36
13425	58
2077	58
17697	36
31487	36
23676	28
786	36
29850	36
34500	36
14949	58
36798	58
7825	58
30991	49
22248	49
27759	49
35186	49
36067	49
12350	49
15145	49
12234	49
19471	49
755	49
670	49
11186	49
34017	49
20935	49
25523	49
7494	49
7977	49
2914	49
15647	49
34370	49
13906	49
28044	49
8365	49
34294	49
4877	49
32968	49
23479	49
37640	49
36577	49
32542	49
20065	49
7420	49
23573	49
16802	49
18861	49
26197	49
3985	49
7993	49
30930	49
21832	49
227	49
30261	49
16095	49
36075	49
22135	49
11688	49
34608	49
28298	49
8417	21
14553	2
15425	21
1484	21
18029	21
17520	21
33689	21
7326	30
13039	30
27729	30
15760	21
13927	21
13588	21
32903	21
34776	21
31428	21
28259	1
38171	1
23349	1
33566	1
35305	1
13137	1
23998	1
23370	1
15474	1
893	1
13800	1
29255	1
31194	1
33116	1
15970	1
16523	1
33540	1
13812	1
23248	1
23	1
12365	1
9556	1
5941	1
7306	1
35995	1
185	1
12008	1
29886	1
2938	1
34913	1
3897	1
22862	1
14903	1
24680	1
28636	1
14149	1
37678	1
21173	1
27878	1
24694	1
24881	1
15709	1
20439	1
5168	1
28837	1
13345	1
2889	1
6456	1
15559	1
17485	1
12014	1
14095	1
28205	1
31102	1
35669	1
21906	1
11177	1
36264	1
19235	1
7462	1
108	1
20304	1
9701	1
37543	1
29667	1
6553	1
37394	1
26848	1
6258	1
31576	1
3049	1
25204	1
18037	1
37000	1
6053	1
31961	1
14115	1
24709	1
3352	1
14150	1
669	1
7642	1
494	1
6384	1
21286	1
8499	1
9139	1
18600	1
16798	1
3953	1
14583	1
8665	1
2658	1
4954	1
37191	38
32806	38
3857	5
31735	5
16279	5
27879	5
20288	5
16126	5
910	5
35092	5
10526	5
21018	5
21700	5
18166	5
23361	5
31788	1
33312	1
27192	1
6900	1
2429	1
36473	1
35380	1
28743	1
14884	1
34712	1
27828	1
6600	1
26281	1
25283	1
11014	1
31645	1
30282	1
30043	1
5062	1
21808	1
14744	1
22147	1
1250	1
18407	1
15627	1
993	1
24178	1
30841	1
35496	1
27015	1
37201	1
19598	1
35509	1
32847	1
9451	1
5912	1
1282	1
16604	1
30022	1
26586	1
14189	1
4920	1
11460	1
34691	1
24994	1
16150	1
13915	1
25262	1
34907	38
25697	38
9783	38
25792	38
23897	38
5435	38
18213	38
11303	38
23736	38
4077	38
2138	38
22667	38
27322	38
25168	38
14004	38
29588	38
31033	38
26259	38
31952	38
33564	38
7080	38
34975	38
3668	38
34875	38
14514	38
14340	38
10631	38
6750	38
30113	38
1969	38
21332	38
36545	38
30882	38
7806	38
4441	38
6686	38
17121	38
10984	38
4691	38
20373	38
18942	38
13129	38
26873	38
11254	38
3706	38
1379	24
291	24
29179	24
34322	24
6031	24
28271	24
18960	24
37956	24
6815	24
11838	24
2684	24
2131	2
28284	2
35391	2
2642	2
38199	2
32353	2
19170	2
8008	2
11642	2
30547	2
32027	2
9059	2
22073	2
7593	2
8353	2
4175	2
11070	2
21096	2
37717	2
9432	2
2806	2
15201	2
21497	2
38003	2
29727	2
30945	2
4422	2
1544	2
26284	2
24250	2
35080	2
1214	2
15980	2
16199	2
22412	2
19017	2
23727	2
36938	2
24472	2
29117	2
37376	2
33969	31
33451	6
27646	6
6760	6
37328	6
28292	6
32059	6
9488	6
27716	6
15519	6
8914	6
32388	6
37058	6
4872	6
28621	6
33036	6
19416	6
13083	6
7430	6
22115	6
9312	6
23026	6
33958	6
33772	6
25628	6
16502	6
17346	6
11441	6
4383	6
14430	6
28067	6
33067	6
11735	6
9552	6
1494	6
15804	6
714	6
7941	6
36081	6
10320	6
31156	6
12608	6
22193	6
28225	6
32229	6
5543	6
1672	6
37449	6
22493	6
27579	20
9085	20
17186	20
18242	20
31522	20
27526	59
6588	59
17585	59
19555	59
10761	59
2139	59
11849	59
11708	59
4680	59
22385	20
9630	59
26200	59
8971	59
19026	59
27622	20
37439	20
20097	20
11646	59
33749	59
23513	20
30429	59
17502	59
30229	59
16043	20
767	20
31995	20
12450	20
9836	20
12132	20
36804	20
5674	20
14011	20
8621	20
26794	20
16911	20
21105	20
10953	20
9065	20
37922	20
24951	49
13445	49
7403	49
37885	49
17533	14
16476	49
1346	14
6080	14
6925	49
32578	49
37889	49
13002	49
11024	49
15831	49
6963	49
32212	14
17538	49
12756	49
15928	20
7693	20
18591	60
30626	20
27774	60
34385	20
18683	20
2276	60
13818	20
7493	20
23010	20
8428	20
17594	20
28247	20
1478	20
11588	60
12394	60
424	20
22831	20
28479	20
18255	20
31792	60
49	20
9973	60
466	20
29799	20
31126	20
18030	11
9346	23
9941	23
1767	23
12581	23
25926	23
14409	23
7425	23
11386	23
35551	23
11803	23
36281	23
36285	23
32458	23
21907	23
6045	23
6968	11
8553	23
34328	23
26840	23
11589	23
12652	23
33346	23
3579	23
4533	23
29341	23
38076	23
16770	23
29501	23
33262	23
1747	23
22782	23
33347	23
8756	23
23289	23
31655	23
22053	23
33051	23
14366	23
21236	23
15891	23
35658	23
18982	11
36716	23
18952	23
27967	23
3994	23
11111	23
30335	11
17147	11
2445	23
19997	23
13227	11
24370	23
3355	23
18978	23
9390	23
3318	9
24441	9
21675	9
7561	9
1386	9
1212	9
3069	9
8190	9
6499	9
25260	9
4747	9
17657	9
25446	9
21388	9
6047	9
6076	9
14559	9
2615	9
28551	9
32823	9
23633	9
26992	9
28060	9
31844	9
10352	9
25681	9
34859	9
17956	9
27572	9
26012	9
9567	9
23758	9
34020	9
30598	9
31594	9
5131	9
34144	9
30273	9
25658	9
15373	9
14862	9
33427	9
32895	9
20572	9
11301	9
16831	9
33700	9
6439	9
31942	9
24246	9
21781	9
12029	9
17846	9
22651	9
6079	9
13716	36
37621	36
1742	36
34381	36
11055	36
14156	36
22302	36
23180	36
11290	36
4628	36
2559	36
37457	36
18501	36
19665	36
14597	36
13852	36
9388	36
36422	36
35766	36
12551	36
33239	36
23299	36
37019	36
36163	36
10681	36
1093	36
3631	36
15471	36
19210	21
11528	21
37879	19
30164	19
1541	19
18301	35
25904	35
20024	35
33208	35
16358	35
37878	35
24447	35
7901	43
19961	43
27550	43
26715	43
12650	43
26196	43
21306	43
37687	43
37445	43
29795	43
26703	43
1624	43
26838	37
17325	43
7270	43
5167	43
33301	43
37409	37
37005	43
7876	43
37109	43
18241	43
30934	43
23885	43
28910	43
37038	43
10382	43
34156	43
30347	43
10303	43
16352	43
884	43
38134	43
34637	43
6816	43
2963	43
12577	37
36016	43
16538	43
15288	43
9277	43
27861	43
32571	43
24063	43
26630	43
32893	43
10368	43
8097	43
10629	43
32391	43
4556	43
4294	43
11775	43
33244	43
35561	43
26691	43
33469	43
6103	43
27793	43
26386	43
33289	37
17182	43
18900	43
21379	37
25114	37
29529	43
1135	43
4749	43
38006	43
2610	37
526	43
35538	43
19469	43
21599	43
11382	43
35385	43
3644	43
23329	43
6183	43
34344	43
7842	43
33088	43
7289	43
20300	43
34980	43
13369	43
35671	43
13662	43
28412	43
1264	37
15278	43
35364	2
4217	2
27588	2
19258	2
13781	16
15217	16
38052	16
24505	16
24138	16
32758	16
19963	16
33746	16
27888	16
35145	16
2540	16
4992	14
15039	14
817	14
3316	14
35982	14
36675	14
3821	14
2733	14
27486	14
24111	14
21515	14
11651	14
4281	14
12672	14
3182	14
34311	14
34459	14
11064	14
34586	14
17904	14
3189	14
20531	14
8699	14
14666	14
11526	14
4247	14
1125	14
10261	14
19040	14
7300	14
5606	14
32906	14
18818	14
3323	14
25773	14
10431	14
38194	14
26567	14
6206	14
5713	14
26154	14
33503	14
8577	14
22446	13
11042	13
3865	13
36203	13
36627	13
12957	13
29819	13
34636	13
37189	13
24167	13
26849	13
8762	13
17448	13
16883	13
35596	13
28429	13
26123	13
8385	13
1598	13
9353	13
5458	13
8822	13
15903	13
24525	13
5280	13
37471	13
36410	13
20891	13
15072	13
519	13
23123	13
34416	13
36944	13
16554	13
10442	13
203	13
1635	13
33219	13
4861	13
6188	13
31147	13
18842	13
20865	13
4462	13
30877	13
22319	13
12301	13
28049	13
4116	13
25287	13
12964	13
31775	13
31672	4
36985	4
11679	13
32943	13
19880	13
32119	13
22512	13
27248	13
31198	13
5247	13
33715	13
31596	13
27901	13
27700	13
9578	13
15791	13
38082	13
38381	13
19587	13
22570	13
23015	13
37336	13
29976	13
5363	13
16710	13
5450	13
34110	13
26448	13
23172	13
20944	13
31096	13
29609	13
35199	13
3394	13
16999	13
19097	13
4280	13
7483	13
28191	13
8949	13
11432	13
37902	13
26742	13
35122	13
27399	13
32367	13
10242	13
13078	13
29536	13
29595	13
23333	13
9264	13
1993	13
10438	13
9399	13
446	13
19175	13
12977	13
8872	13
18645	13
8478	13
3462	13
25213	13
33617	13
10436	13
26540	13
37130	13
5760	13
28144	13
10708	13
23739	13
13121	13
38123	13
7028	13
23601	13
3282	13
31552	13
4200	13
20087	13
4377	13
36680	13
34893	13
11171	13
37317	13
22584	13
5249	13
22111	13
11115	13
34044	13
12818	13
23157	13
15618	13
25769	13
10189	13
35512	13
21404	13
8	13
6356	13
622	13
29353	13
33677	13
20261	13
21976	13
37400	13
34981	13
38093	13
32964	13
6406	13
4712	13
11612	13
12860	13
3773	13
4259	13
1324	13
6375	13
14069	13
15706	13
21467	13
13628	13
26952	13
10309	13
3862	13
20663	13
29347	13
675	13
37323	13
11457	13
20260	13
16384	13
9419	13
9520	13
25999	13
611	13
23102	13
5546	13
26478	13
3924	13
32309	13
22324	13
28156	13
26014	13
34213	13
32842	13
22004	13
38217	13
29744	13
3847	13
7354	13
21633	13
34718	13
10406	13
25379	13
24700	13
201	13
20690	13
4947	13
22229	13
34480	13
15163	13
34537	13
16669	13
16060	13
22182	13
31259	13
12881	13
35559	13
27942	13
13966	13
25057	13
20088	13
34759	13
29399	13
34061	13
3159	13
29194	13
14267	13
25995	13
26040	13
26654	13
13328	13
10506	13
29632	13
20924	13
2998	13
17828	13
31206	13
29397	13
27489	13
20596	13
14399	13
6269	13
19218	13
36895	13
4423	13
30135	13
34970	13
25190	13
5769	13
6472	13
10644	13
2137	13
24652	13
9605	13
3410	13
31113	13
1427	13
30320	13
3719	13
10196	13
7887	13
25444	13
10455	13
9950	13
38215	13
313	13
32591	13
2541	13
24310	13
620	13
20441	13
19063	13
9899	13
19762	13
28957	13
17244	13
31731	13
34748	13
21806	13
24897	13
25884	13
31295	13
441	13
18395	13
2253	13
5290	13
15882	13
25983	13
20844	13
4375	13
4584	13
36544	13
19600	13
18726	13
12149	13
18004	13
17897	13
25459	13
6373	13
28138	13
15500	13
34451	13
23504	13
15508	13
14582	13
7980	13
32082	13
15658	13
28132	13
28811	13
18078	13
31911	13
5997	13
3678	13
2858	13
18396	13
34829	13
8688	13
23408	13
38196	13
12973	13
12483	13
4916	13
29824	13
5372	13
12080	13
30909	13
29054	13
10856	13
31834	13
7239	13
11599	13
11915	13
4742	13
11228	13
18972	13
214	13
29766	13
27310	13
16076	13
29840	13
30148	13
16154	13
11252	13
36516	13
3696	13
37034	13
639	13
10801	13
35013	13
6415	13
19760	4
20787	4
31433	4
2203	4
11088	4
24507	4
34035	4
7913	4
1670	4
36057	4
30660	4
354	4
18872	4
4458	4
17096	4
3682	4
16287	4
9672	4
15535	4
32619	4
17751	4
13090	4
613	4
14741	4
34204	4
32483	4
15170	4
38357	4
26608	4
17423	4
28530	4
28721	4
37332	4
5301	4
17772	4
7845	4
23673	4
5608	4
17002	4
22641	4
29929	4
22068	4
32855	4
34707	66
30913	66
6771	66
22853	66
3204	66
27471	66
16273	66
26179	66
38320	66
5557	66
1369	66
17329	66
20803	66
32551	66
2811	66
17581	66
23768	66
28937	66
8695	66
5610	66
28632	66
23185	66
33173	37
18604	37
38035	37
25566	37
22695	37
26205	37
31214	37
37768	37
33576	37
36293	37
2468	37
16849	37
13557	37
14173	37
2462	37
19133	37
21370	37
11985	37
25186	37
37289	37
37359	37
11862	37
25075	37
6522	37
12085	37
16153	37
4141	37
28162	37
22425	37
19930	37
13883	37
33320	37
1711	37
6932	37
33008	37
9815	37
38159	37
30675	37
8966	37
35190	37
26383	37
32169	37
23037	37
16427	37
20881	37
15846	37
23507	37
15719	37
10798	37
35420	37
13525	37
30796	37
75	37
28914	37
9459	37
38414	37
4567	37
14302	37
7098	37
11178	38
664	7
16055	7
37196	7
34309	7
35466	7
26823	7
21859	7
21254	7
30752	7
22857	7
2796	7
15161	7
20542	7
37886	7
20108	7
26701	7
25802	7
16830	7
13359	7
28414	7
38323	7
27360	7
14076	7
18486	7
3630	7
36824	7
30139	7
3044	7
13647	7
36257	7
36301	7
12482	7
19485	7
8079	25
12206	25
11267	25
11654	25
17230	25
12745	25
21628	25
109	25
17634	25
16016	25
79	25
30610	25
9384	25
8349	25
16954	25
2233	25
37180	25
32412	25
13656	25
16284	25
24789	25
31811	25
14562	38
34217	38
32722	38
10976	38
32026	38
4346	38
29947	38
30392	38
32592	38
3514	38
15413	38
14315	38
20961	38
8980	38
12600	38
22948	38
36602	38
9178	38
36242	38
3714	38
16772	38
12061	38
22590	38
20079	38
35341	38
31544	38
2436	38
25303	38
25933	38
433	38
17406	38
7960	38
8186	38
14436	38
17201	38
32282	38
14386	38
3628	38
8330	38
13749	38
30792	38
36231	38
35547	38
6889	38
36876	38
6001	38
22375	38
19286	38
465	38
8129	38
37657	38
35281	38
28150	38
9208	38
15670	38
36589	38
7907	38
28052	38
5523	38
22245	38
30458	38
6970	38
27508	38
32829	38
8894	38
24188	38
16511	38
24435	38
12716	38
5401	38
5162	38
27024	38
35415	38
10802	38
34142	38
10516	38
23241	38
25193	38
8670	38
10871	1
17119	1
2153	1
30586	1
1669	1
18286	1
20019	1
37794	1
6298	1
20010	1
37378	1
20072	1
24962	1
34974	1
13887	1
21423	1
5669	1
1683	1
31011	1
20080	1
13869	1
21762	1
23005	1
33281	1
29493	35
15753	35
24639	27
31289	27
36035	27
11396	27
22098	27
24496	27
25231	27
1288	27
11020	27
2760	27
2744	27
12379	27
29333	27
10618	27
13992	27
13414	27
25682	27
1917	27
36837	27
36652	27
4208	27
25810	27
21490	27
20886	27
9792	27
20573	27
32723	27
5059	27
8834	27
7051	27
924	27
6109	27
8743	27
19714	27
30679	27
37050	27
13914	27
1480	27
11395	27
13428	27
21961	27
20143	1
36259	1
20418	1
24527	1
31283	1
20728	62
16504	1
16361	1
12831	62
18110	1
8219	1
20799	1
25936	1
9650	62
33886	62
36677	1
6744	1
4638	1
34641	62
17241	1
23713	1
10568	1
691	1
6040	1
31496	62
16040	62
17615	62
17163	62
20594	1
14584	1
11517	1
13700	1
11618	1
29125	62
32637	1
28221	62
31809	1
30200	62
17418	62
18580	1
9765	10
24566	10
27352	10
29855	10
31026	10
18061	10
21755	10
32248	10
15656	10
34482	10
3955	10
32540	10
23909	10
7623	10
2250	10
36124	10
10819	10
15817	10
2305	10
36070	10
25896	10
9952	10
9253	10
31081	10
30225	10
37184	10
30076	10
2885	10
35885	10
9519	10
7811	10
27954	10
9903	10
2881	10
4378	47
15156	47
18291	47
17517	47
658	47
34800	47
26534	47
7400	47
2605	47
1131	47
17104	47
34230	47
476	47
28641	47
25856	47
25916	47
25065	47
9614	47
8165	47
25558	47
11513	47
20314	47
3419	47
31571	47
17168	47
14297	47
5154	47
20984	47
10719	47
27225	47
656	47
30233	47
32822	38
11281	38
21555	38
24135	38
9105	38
34047	38
1933	38
14362	38
20248	38
24212	38
16684	38
15058	38
30931	38
9568	38
5262	38
16450	38
37060	38
16805	38
11102	38
30691	38
17332	38
3331	38
35290	38
1306	38
11172	38
3787	38
4634	38
8782	38
3191	38
18148	38
14546	38
207	38
22517	38
34542	38
11214	38
33949	38
33367	38
10624	38
28882	38
14243	38
7586	38
15644	38
37779	38
15998	38
30870	38
17430	38
31447	38
20619	38
37700	38
27743	38
16790	38
30869	38
15019	38
8820	38
30640	38
22236	38
245	38
33079	38
24190	38
6907	38
32932	38
7577	38
14606	38
24932	38
11169	38
29306	38
33266	38
4622	38
38397	38
680	38
1028	38
21518	38
22690	38
20106	38
36342	38
34484	38
7377	38
31723	38
26233	38
8036	38
36275	38
33478	5
4982	5
32633	5
15853	5
18020	36
35807	36
228	36
8652	36
2798	36
4015	36
2324	36
36877	36
30226	36
27106	36
34115	36
13320	36
7370	36
22751	36
19124	36
464	36
19281	36
6880	36
38087	36
21001	36
13680	36
34779	36
35361	36
27655	63
26775	63
2246	63
34517	63
22407	63
36925	63
28638	63
2102	63
16020	63
14593	63
4683	63
18938	63
26004	63
15576	63
26719	63
28594	63
34430	63
20348	63
19354	63
1630	63
5463	63
89	63
6326	63
30332	63
12570	63
29038	63
30686	63
34741	63
35965	63
17829	63
6547	63
9359	63
18822	63
26177	63
37582	63
7518	63
30160	63
1563	63
16596	63
935	63
28814	63
5789	63
16053	63
14246	63
34558	63
29262	63
9133	63
1880	63
1164	63
642	63
16785	63
10635	63
13623	63
13925	63
15894	63
2844	63
188	63
34461	63
4008	63
14563	63
787	63
23496	63
7378	63
27545	63
27903	63
32532	63
15595	63
8607	63
30283	63
24442	63
35736	63
30953	63
1673	63
35802	63
29549	63
2669	42
7447	42
15765	42
1318	42
35491	42
7550	42
17381	42
35304	42
28671	42
11507	42
768	42
34627	42
33280	42
2957	42
18201	42
36200	42
4986	42
32563	42
17049	42
10918	42
10895	42
23042	42
7872	42
7055	42
29300	42
23933	42
21137	42
13427	42
12727	42
11567	42
33742	42
19345	42
13153	42
5192	42
37785	42
37881	10
20431	11
12987	10
31555	10
1111	10
27556	10
28692	10
34888	10
17888	10
28693	10
31692	10
12028	10
5334	10
16289	10
22473	54
19314	54
3192	54
7463	54
14908	54
34680	54
13011	54
29088	54
37236	54
16247	54
25594	54
34514	54
16232	54
34021	54
30743	54
5393	54
18504	54
23147	54
18825	54
30505	54
29197	54
891	54
13769	54
7689	54
37758	54
14659	54
36765	54
1906	54
7860	54
1247	54
18172	54
30421	54
10641	54
35609	54
6286	54
29391	54
16277	54
22822	54
9904	54
22060	54
25914	54
6613	54
36655	54
31841	54
26592	54
9767	54
10958	54
33782	54
14327	54
36455	54
22307	54
16452	54
34564	54
35260	54
18869	54
26563	54
31343	54
22390	54
26945	54
1568	54
3622	54
8759	54
24062	54
36120	54
23999	54
30975	54
28167	54
2375	54
34258	54
18944	54
663	54
30537	54
8439	54
27369	54
6509	54
22102	54
2754	54
34753	54
34453	54
5634	54
27509	54
28572	54
22635	54
27497	54
1720	54
3537	54
13776	54
37906	54
9965	54
35842	54
18446	54
9580	54
24291	54
21957	54
22871	54
4678	54
2919	54
27041	54
29260	54
26264	54
17165	54
5653	54
37397	54
9693	54
9091	54
19125	54
28248	54
26417	54
14094	54
2973	54
5967	54
9809	54
3846	54
2012	54
37247	54
21401	54
37379	54
1965	54
4970	54
21787	54
4427	54
12641	54
1262	54
6204	54
6364	48
4801	48
24463	48
13482	48
6342	48
555	48
32661	48
27473	48
23014	48
32933	48
29942	48
37441	48
4193	48
12434	48
27698	48
13952	48
28140	48
25035	48
4842	48
15611	48
10747	48
38018	48
20042	48
32744	48
5392	48
22110	48
21631	48
12289	48
26340	48
38206	48
34120	48
2381	48
875	48
6469	48
13706	48
18950	48
26410	48
19143	48
28390	48
11317	48
35241	48
16623	48
8775	48
24354	48
37672	48
13010	48
5581	36
33663	36
921	52
27938	36
10216	52
28513	52
7989	36
32517	52
4838	36
2572	36
16547	52
34236	52
21803	9
36110	9
31123	9
8791	9
34014	9
9673	9
36538	9
11034	9
13492	9
30212	9
29385	9
31853	9
22658	9
27133	9
8034	9
16205	9
8013	9
19390	9
28829	9
12827	9
35864	9
24817	9
21822	9
34229	9
13668	9
14625	9
6953	9
16345	9
1225	9
28066	9
4976	9
913	9
17493	9
5911	9
6497	9
23357	9
1921	9
37305	9
38270	9
16468	9
263	9
21268	9
26752	9
7315	9
31239	9
1550	9
36894	9
1162	9
17183	9
26394	11
29895	10
33680	10
34081	10
12530	10
9681	10
36154	10
7047	10
33745	10
9034	10
33833	11
13561	10
7234	11
15974	11
2054	10
2434	10
30372	6
22981	6
13910	6
23813	6
12920	6
11319	6
1629	6
16305	6
4173	6
22141	6
26035	6
31437	6
5881	6
2095	6
4397	6
14196	6
36786	6
17959	6
27282	6
10065	13
24313	13
18457	13
30971	13
7491	13
14102	13
2386	13
28467	14
32013	13
4053	13
7486	13
19581	13
29082	13
7264	13
6853	13
5111	13
16917	13
21032	13
20073	13
34881	13
28732	13
22709	13
36521	13
6904	13
30907	13
38399	13
25072	14
16169	13
8564	13
8807	14
14860	14
27994	14
28804	13
21474	13
20262	13
19122	13
20162	13
36507	13
9395	13
5007	13
10925	13
27891	13
37767	13
32000	13
11937	13
4000	13
18151	14
26077	13
5405	13
37454	13
15533	14
32440	14
13309	13
24736	14
25344	13
25730	63
10637	63
8463	63
2722	63
1095	63
6062	63
17927	63
20451	63
30802	63
36670	63
37411	63
13549	14
18912	63
33795	63
32284	63
37846	63
989	63
14057	63
12932	63
32268	63
30038	63
35975	13
21380	63
7398	63
37303	63
852	63
2068	63
21237	63
32691	63
21584	63
3412	63
11473	13
16357	13
13102	13
23257	13
34071	13
9258	13
1290	13
36014	13
28707	13
33562	1
1782	1
18304	1
30132	1
11054	1
28098	1
4184	3
15051	1
5079	3
31015	1
20012	1
34773	1
20863	1
3783	1
30517	1
31480	1
10000	1
33645	1
30129	1
36201	1
4790	1
11746	1
18380	1
14031	1
6759	1
25053	1
26086	1
31502	1
24829	1
16009	1
23389	1
28194	1
28798	1
11511	1
16577	1
4138	1
37278	1
24799	1
19619	1
15238	1
4887	3
11079	1
36467	1
13382	1
18278	1
9530	1
17099	1
14098	1
16320	1
5105	23
36373	33
33033	23
14124	23
14309	33
24636	33
3364	23
13849	33
10090	23
33402	33
6059	23
7698	33
32652	33
15826	33
17342	23
34816	23
23317	33
34507	33
18083	33
18623	23
13702	33
29903	33
13527	33
33522	23
20868	33
1800	33
19564	33
4613	33
11249	23
18625	33
33950	33
12425	33
30497	33
21446	33
30682	33
4687	33
27766	33
6135	33
20685	33
36028	33
6802	23
14713	23
15663	33
16548	33
30671	33
33529	33
30068	33
6458	33
11318	33
4084	33
20995	33
28486	33
12247	33
12515	33
22918	33
30111	33
25141	33
23645	33
36678	33
36858	33
7285	33
29542	23
966	23
876	33
5094	33
14833	33
35844	33
33045	33
9725	33
13229	33
31078	33
19539	33
15635	33
3529	5
26408	5
5287	5
31446	5
27663	5
9914	5
7791	5
9195	5
12056	5
23226	5
16340	5
10117	5
21106	5
6843	5
19476	5
31009	5
919	5
29357	5
21342	5
5985	5
12388	5
1190	5
33657	5
8544	5
8105	35
10492	35
13744	64
33599	64
36056	64
13783	64
20053	64
23243	64
10181	64
35629	35
7563	64
35437	35
16527	64
2365	35
31992	64
25381	64
25733	35
32645	35
13912	64
1363	64
25784	35
9653	35
1251	64
1448	64
9022	64
8849	64
2942	64
35880	35
33612	64
35009	64
25500	64
4576	64
5353	64
20737	35
2709	64
36706	64
20950	64
31870	64
34730	64
12734	64
26455	64
35269	64
33020	35
38019	35
15477	35
14022	64
13841	35
20692	64
1761	35
36011	64
5495	64
16380	35
18001	35
37133	35
16363	35
29439	64
1425	35
12574	35
12177	35
23766	35
8908	35
30302	35
9033	64
16626	35
33607	35
25224	64
4027	64
15244	35
4902	64
27874	35
7776	35
2662	64
21826	64
17497	64
8020	64
2132	64
23923	35
17513	35
22984	35
18908	64
36458	64
23945	35
9212	35
24071	35
30382	35
4719	35
33027	64
22145	64
15813	35
14987	35
17219	35
17798	35
21458	35
8299	64
2391	64
4288	35
8101	64
20141	64
10133	64
29250	64
506	35
399	64
35623	64
36551	64
33037	35
2424	64
37108	35
26530	64
16001	64
29668	35
37046	64
37620	64
27902	35
35574	64
31556	64
12643	35
23451	64
28318	35
5600	64
1614	64
34519	64
17248	64
13683	64
28989	64
17087	64
14782	64
25556	64
8662	35
38146	64
17763	64
3370	64
18575	64
10340	64
11289	5
29312	5
24778	5
3980	5
22563	5
7626	5
38168	5
1620	5
27466	5
19575	5
14515	5
8087	5
11239	5
19659	5
6568	33
37782	33
38342	33
11941	33
3604	33
36227	33
38268	33
13123	33
15873	33
29162	33
29708	33
6227	33
13896	33
12639	33
10901	33
37682	33
7144	33
21718	33
37632	33
33441	33
33791	33
37404	33
14682	33
28770	33
2197	5
14356	5
12924	5
22500	5
38345	5
16094	5
15014	5
27789	5
5784	5
25311	5
20960	5
16099	5
28573	5
9524	5
2104	5
34176	5
7658	5
29623	5
18918	5
1583	5
14198	5
20575	5
14024	5
5053	5
2348	5
1585	5
14184	5
3060	5
37124	5
8021	5
22119	5
26984	5
5988	5
15222	5
16399	5
35728	5
2834	5
17498	5
21305	5
34467	49
5856	49
14812	49
34794	49
25490	49
26170	49
22465	49
36863	49
20475	14
3001	49
25212	49
20511	49
34448	14
30564	49
31646	14
8434	49
23965	49
8286	49
37888	49
14461	49
29571	49
17891	49
14556	49
31832	49
10077	49
9054	49
19492	49
8279	49
19050	49
31243	49
7982	49
13804	49
25510	49
13728	49
6855	49
7296	49
34770	49
10872	14
15458	14
28048	49
5696	49
19983	49
32357	49
13674	14
33618	49
37595	49
15298	49
11429	49
8413	14
25398	14
23199	14
4059	49
569	49
34223	49
18656	49
6292	49
28514	14
28219	49
6766	49
20479	49
14450	49
29244	49
31037	49
12868	14
26029	49
23191	49
14934	14
8187	49
9755	49
7186	14
20600	49
19269	49
36360	14
33314	49
15657	49
20427	49
15950	49
21574	49
18686	14
11857	49
10122	49
20375	49
28301	14
8615	49
31492	49
11625	14
16343	14
19337	14
27569	49
26541	49
35541	14
14209	49
13053	49
18265	49
20210	49
8601	14
13230	49
28832	49
35467	49
6577	49
21954	49
9538	49
22598	14
12937	14
22178	14
10473	14
28884	14
6962	49
21159	49
14048	49
4894	49
33774	49
31278	14
34919	49
28735	49
7042	49
37252	49
24805	49
1903	49
4407	49
485	49
24919	14
26910	49
12759	49
23801	49
4282	49
13663	49
19671	49
9571	49
3995	49
35620	49
32894	49
17935	49
13118	14
15713	14
694	14
22150	14
29598	14
11545	14
376	14
32142	14
19095	14
22260	14
23638	14
23457	14
19289	14
14372	14
27099	14
3898	14
4315	14
14937	14
2687	14
38065	14
13947	14
35114	14
14557	14
36073	15
32966	14
25394	14
23835	14
37563	14
31543	14
25038	14
29513	14
25337	14
27150	14
30593	15
32255	15
33800	15
9286	15
18038	14
22919	14
19903	14
21528	14
30764	14
16530	14
218	14
8211	37
6234	37
16774	37
24774	37
36294	37
12164	37
10501	37
35221	37
35350	37
37341	37
17111	37
7799	11
21740	11
10182	11
25502	11
193	11
38307	11
17587	11
33279	11
5547	11
15889	11
22269	11
12961	11
801	11
32501	11
3361	11
3758	11
5093	11
11564	11
9378	11
24108	11
7384	11
18076	11
13752	11
17193	11
30795	11
6448	11
15336	11
36656	11
28502	11
4659	11
16562	11
19624	11
18411	11
30677	11
29526	11
25492	11
26456	11
14141	11
21221	11
29987	11
348	11
15256	11
29444	11
25774	11
4446	11
25477	11
7987	11
9706	11
7526	11
31416	11
20800	11
34902	11
32607	11
23334	11
31666	11
36180	11
15815	11
16259	11
3137	11
31016	11
37653	11
3810	11
34450	11
1355	11
32681	11
4503	11
23822	11
27761	11
28063	11
32808	11
5846	11
31167	11
1721	11
27677	11
16865	11
36546	11
35570	11
35627	11
32081	11
5048	11
5040	11
170	11
25806	11
25808	11
3208	11
4778	11
13026	11
30312	11
36512	11
9458	11
35249	11
12746	11
29050	11
36019	11
36470	11
13136	11
34546	11
34849	11
29813	11
28257	11
19376	11
1522	11
9398	11
11170	11
13771	11
633	11
34833	11
35915	11
19549	11
5646	11
12364	11
6088	11
12374	11
9976	11
8455	11
34299	11
13278	11
8712	11
25210	11
16246	11
10082	11
33309	11
16401	11
15502	11
863	11
12839	11
17514	11
15937	11
6672	11
4220	11
34410	11
33899	11
12601	11
33437	11
12283	11
13354	11
6471	11
23866	11
6551	11
22295	11
14760	11
2385	11
5921	11
9476	11
20808	11
33391	11
3440	11
22903	11
5250	11
22120	11
3736	11
6071	11
10453	11
26532	11
30348	11
25646	11
8153	11
35150	11
24156	11
11950	11
25753	11
14774	11
18292	11
33188	11
23114	11
19944	11
10973	11
30101	11
37917	11
9385	11
700	11
23203	11
8114	11
6692	11
14016	11
27070	11
12944	11
35169	11
9855	11
11007	11
20422	11
24920	11
17150	11
3259	11
17742	11
18827	11
26844	11
21480	11
9494	11
24628	11
15672	11
18305	11
11972	11
34555	11
24794	11
5701	11
31916	11
5120	11
34363	11
1446	11
14905	11
17122	11
13955	11
31907	11
22377	11
18664	11
498	11
8506	11
5245	11
13983	11
34358	11
20098	11
29207	11
32853	11
17428	11
26234	11
12888	11
20621	11
11989	11
3548	11
34694	11
35157	11
32981	11
13649	11
26054	11
2326	11
17438	11
31284	11
20628	11
6950	11
18245	11
35681	11
27590	11
18721	11
20804	11
12587	11
23861	11
7097	11
7056	11
26216	11
13005	11
29691	11
18403	11
10418	11
19348	11
9807	33
18184	33
4328	33
36572	33
8059	7
36449	7
37819	7
5626	7
22650	7
34593	7
5515	33
36089	7
4174	7
21029	7
6247	7
3181	7
34492	7
31758	23
31170	33
28755	33
2098	33
19446	23
23365	33
22443	33
4852	33
37831	33
2650	33
10853	33
20774	33
129	33
33414	33
29887	33
32224	33
35395	33
33069	33
11641	33
34131	33
1830	33
13448	33
5225	33
32463	33
20410	33
26362	33
32696	33
15046	33
8498	33
20639	33
3833	33
18134	33
6674	23
6310	33
5949	33
1364	33
16580	33
6807	33
16755	23
23115	7
7784	7
27937	7
30460	33
21381	7
26935	7
35007	33
11123	33
16318	7
3401	7
15209	7
17365	7
1835	7
28377	7
1134	7
26028	7
22783	7
32936	7
12246	7
23346	7
28419	33
35445	33
36801	33
27475	33
24796	33
13559	33
10247	33
4006	23
24964	33
8350	33
30216	33
32820	33
9875	23
36594	33
4951	33
34280	33
19166	33
19349	33
32100	33
3765	23
21239	33
21685	33
34374	33
19048	33
31467	33
14082	33
11368	33
29839	33
802	33
8598	33
7138	33
23706	33
17321	33
1609	33
5375	33
35519	33
27493	33
23666	33
17547	33
36350	33
11241	23
1466	33
35900	7
11851	7
34621	33
25148	7
5816	7
30051	7
12446	7
13151	7
21752	7
336	7
10653	33
28895	33
14120	33
26635	23
17913	33
35603	33
21269	33
24801	7
21136	33
14131	7
11350	7
29752	7
3479	7
4915	7
35735	33
17646	7
14807	7
9174	7
12913	33
30035	33
3944	33
17658	33
32381	33
37407	33
28717	33
21671	33
23390	33
870	33
18109	33
19835	33
31890	5
37484	5
26415	5
25079	5
23542	5
33448	7
17896	7
7869	7
28845	7
11311	7
17181	7
22835	7
35690	23
19649	23
32763	23
12378	23
23749	23
32631	23
27541	23
36785	23
30648	23
17235	23
9439	23
13147	23
12668	23
10325	23
12319	23
14798	23
16655	23
14714	23
21135	23
20415	23
5550	23
32602	23
15849	23
34300	23
27956	23
9060	23
1904	23
746	23
10482	23
22317	23
15012	23
22793	23
27904	23
10832	23
29809	23
37988	23
32041	23
25482	23
28733	23
23283	23
14704	23
10797	23
34614	23
23433	23
27884	23
24604	23
29190	23
30709	23
29806	23
33016	23
10109	16
25728	16
32134	16
21841	21
33225	16
36189	16
27404	21
17768	16
33698	21
34525	21
15512	16
6583	2
10069	21
17713	21
2855	16
17299	16
13496	21
33628	21
9847	16
8218	16
5746	2
22487	16
16839	2
32577	16
16940	16
7008	21
33733	16
26127	21
5423	21
10685	21
14446	16
29846	21
11234	16
28916	16
630	21
24145	21
35204	16
28096	16
10141	21
10778	21
31871	16
36308	5
37547	17
1533	17
9474	17
1996	52
5028	52
33640	16
12810	16
7247	16
3013	16
864	16
34591	16
29305	16
17470	16
29152	16
30703	16
9983	16
1777	16
25113	15
28199	15
15707	15
16989	15
18997	15
21	15
542	15
9493	38
11122	9
16926	9
17014	42
5747	54
17579	11
34767	23
4536	23
5109	23
35373	11
36924	23
37419	23
15897	23
17441	23
301	23
25913	23
15459	23
5046	23
7397	23
5453	23
22898	23
23893	23
17397	23
26675	23
26118	23
1954	23
3225	23
10315	23
34409	11
5289	23
32538	23
32646	23
31691	23
14829	23
12129	23
17236	11
2423	23
31130	23
9367	23
29339	23
3396	23
33699	23
38131	23
35893	23
2465	23
3957	11
16092	23
13713	23
10673	23
22957	23
13313	11
10038	23
24265	23
22421	23
7257	23
37301	23
19194	23
35715	23
33650	23
15785	23
35675	11
22162	23
33009	23
18065	5
13785	5
20732	5
5417	5
30418	5
2590	5
37003	5
18359	5
823	5
23815	5
24548	5
28493	5
3301	5
9273	5
7124	5
26746	5
6801	5
32259	5
6528	5
32137	5
17284	5
25897	5
34802	5
31365	5
7443	5
11866	17
19717	17
3559	18
24947	43
18219	43
21439	43
33400	43
27069	43
19978	43
6283	43
23486	19
6651	19
11179	19
23821	19
6944	19
3963	19
38327	19
5577	19
277	19
14415	19
15892	19
24301	19
6728	19
36755	19
38154	19
20795	19
30663	19
24654	19
38036	19
35827	19
3379	19
28494	19
6195	19
2272	19
16436	19
28262	19
21856	19
4610	19
2776	19
892	19
32465	19
11493	19
20679	19
11419	19
28095	19
34405	19
9205	19
5239	19
29879	19
1764	19
7787	19
2427	19
10899	19
19180	47
27094	5
17860	5
33373	5
8749	5
2469	5
25149	5
35545	5
18991	5
17046	5
32079	5
26042	5
33010	5
9337	5
14217	5
3727	5
34234	5
23382	5
14027	5
19299	5
29319	5
36579	5
24099	5
3015	5
6824	5
7100	5
28121	5
11356	5
16810	5
31160	5
3417	5
9213	5
734	5
28312	5
14154	5
32595	5
26211	5
28365	5
34303	5
6209	5
8085	5
23674	5
10022	5
26260	5
19544	5
25416	5
35727	5
29019	5
8115	5
22872	5
35689	5
2640	5
18780	5
33711	5
38088	5
29136	5
20403	5
18036	5
15842	5
20520	5
28662	5
4246	5
4707	5
15676	20
34544	20
20432	20
13810	20
1607	20
8204	20
19919	6
3484	6
4080	6
27175	6
18657	6
5785	6
33143	6
31926	6
392	6
2582	6
26867	6
31918	6
26490	6
827	6
25199	6
24210	6
26985	6
6673	6
12598	6
12571	6
36190	21
9391	6
3289	6
34090	21
36578	6
5159	6
10665	21
1713	6
17552	21
36966	6
30257	6
9832	6
16817	16
16771	16
27367	16
19579	16
29920	16
7821	62
11149	14
21873	14
14870	62
7936	1
12024	1
8989	1
31141	1
32521	1
1172	1
31727	1
1512	1
9097	1
29258	1
31682	1
5563	1
26813	1
3724	1
29722	1
305	1
13858	1
15240	1
33101	1
32940	1
8741	1
4548	1
36564	1
14204	1
8905	1
2565	1
9570	1
23939	1
3375	1
21368	1
7184	1
18844	1
2163	1
4565	1
31424	1
38229	1
10558	1
10683	1
19597	1
7160	1
38324	1
19680	1
17157	1
4789	1
18601	1
15079	1
36534	1
374	1
8507	1
7085	1
34644	1
18836	1
9987	1
7871	1
29057	1
31541	1
28869	1
5240	1
6921	1
11974	1
32731	1
30362	4
29267	2
37840	4
33034	2
16857	2
12661	2
1911	2
885	2
10085	2
8393	2
10826	2
5842	2
4352	2
1667	2
31996	2
5362	2
22755	2
12395	4
17695	2
2616	2
10606	2
8238	2
7768	2
25333	2
36232	2
12309	2
33595	2
21691	2
7625	4
25973	2
38245	2
1469	2
35231	2
24124	4
5161	2
35683	2
5344	10
3891	10
24152	11
21103	10
5508	5
13024	5
28213	5
35886	5
35997	5
29643	5
13306	5
31896	9
37913	9
28172	9
18258	9
3770	9
9884	9
2020	9
35877	9
412	9
18002	9
24992	9
6894	9
5356	9
27567	9
37747	9
27955	9
25200	9
13217	9
20487	9
15375	9
12439	9
17063	39
16731	39
7765	28
10367	28
26357	28
17209	28
11912	28
21473	28
18274	28
11997	28
32548	28
18985	28
31981	28
22691	28
13169	28
8484	28
13376	28
14314	28
23127	28
25572	28
3166	28
22688	28
4693	28
34383	28
5833	28
8182	28
2611	28
3134	28
18738	13
8976	13
15908	13
20068	13
15390	13
13642	13
3467	13
26319	13
14477	13
36491	13
23378	13
18801	13
30818	13
29127	13
1400	13
6210	13
8309	13
15067	13
16288	13
31246	13
22042	13
15616	13
25276	13
29219	13
2217	13
34302	13
17252	13
32406	13
28176	13
27467	13
10955	13
14361	13
38078	13
37299	13
4796	13
31131	13
7514	13
30462	13
18193	13
29027	13
1237	13
17855	13
19082	13
33374	13
21376	13
16823	13
239	13
359	13
37518	13
7149	13
7609	13
13330	13
21770	13
2555	13
6105	13
8678	13
33085	13
22967	13
11509	13
10756	13
31654	13
22575	13
5014	13
15590	13
23868	13
25172	13
1059	13
6769	13
28831	13
1031	13
12326	13
14053	13
13087	13
10881	13
37311	13
10597	13
14491	13
10019	13
5217	13
15902	13
16327	13
4667	24
14698	9
24875	9
32818	9
28460	9
29698	9
20488	9
25982	9
5010	9
29374	9
1340	9
24905	9
3028	9
6941	9
24284	9
16913	9
30674	9
8804	9
8523	9
11246	9
7231	9
37762	9
10467	9
17850	9
12498	13
26818	13
12320	13
1515	16
18481	16
23597	16
7574	16
18831	16
32373	16
2110	16
10308	16
1075	16
35051	16
11669	16
4905	16
11369	16
33382	16
37608	16
34910	16
25867	16
4261	16
31030	16
6230	16
9296	16
28905	16
26306	16
34791	16
25341	16
29503	16
9387	16
34706	16
4703	16
23500	16
38008	16
19249	16
22687	16
10292	16
35462	16
22878	16
28854	16
1003	16
34355	16
22059	16
7167	16
21273	16
12202	16
7731	16
6226	16
21611	16
3919	16
22212	16
15564	16
34905	16
25184	16
5415	16
20714	16
24363	16
26191	16
4146	16
2402	16
17578	16
37864	16
27149	16
33241	16
474	16
19693	16
23362	16
23234	16
25564	16
9592	16
18290	16
8993	16
21113	16
27454	16
34083	16
28062	16
18923	16
13579	16
33837	16
5966	16
12681	5
19879	5
22750	5
6168	5
24894	5
9249	5
8510	5
14705	5
21888	5
29295	5
15622	5
37428	5
10417	5
4830	30
24181	36
30152	36
1695	30
3384	36
5891	36
31349	30
26009	36
17998	36
11448	30
27425	30
32836	30
6399	30
36659	30
20414	30
23827	30
36472	36
13911	36
37446	36
12419	30
8388	30
7185	30
1081	36
10108	36
5424	36
27680	36
35941	30
4306	30
25034	30
24600	30
35589	30
3811	30
27004	36
2564	30
23900	30
1191	30
22877	30
11029	30
31886	28
15931	30
6026	30
36751	36
4452	36
2546	30
16054	36
2842	36
28930	36
6793	30
13015	30
4016	30
31925	30
28747	30
37903	30
3335	36
31587	30
6102	30
158	28
27631	30
5926	30
6443	30
10698	30
14164	30
14259	30
35943	19
19896	19
21056	19
5031	19
12532	6
31013	6
23050	6
20420	6
30588	6
15976	6
31288	42
2698	42
28564	22
13091	22
8375	22
10687	22
12097	22
33778	22
17759	20
12155	22
33777	22
7773	22
31216	22
20849	22
6946	20
5700	22
11804	22
4130	22
36699	20
18103	20
37594	22
356	20
3671	20
38149	22
35219	20
8645	22
34123	22
14068	22
2	20
13195	22
5522	20
12942	22
11987	22
34108	22
16245	22
31612	20
25711	22
5564	22
34540	22
685	20
29568	22
15010	22
30993	22
23111	22
1233	22
20480	22
17861	22
5244	22
27539	22
15666	20
31064	20
13452	20
6090	20
2080	20
10008	39
20627	39
35291	39
15975	38
16751	38
33799	38
22854	38
13532	38
20536	38
32173	38
12905	38
11556	38
21320	38
6272	38
24234	43
5351	43
34116	43
8912	43
33572	43
35409	43
5750	43
37674	43
4773	43
16066	43
22759	43
33889	43
7460	43
10818	43
35985	43
19684	43
19374	43
24426	43
11166	43
33095	43
37510	43
22249	43
27440	43
11822	43
27748	43
5125	43
8461	43
22536	43
27050	43
7952	43
13289	43
18579	43
24437	43
27752	43
5922	43
22752	43
11934	43
24632	43
25062	43
20272	43
32874	43
2617	43
13085	43
20442	43
5719	39
4780	39
33387	39
36911	4
22019	4
35383	4
35831	4
4743	11
4734	11
32413	11
37269	11
5449	11
34534	11
5874	11
38317	11
682	11
21153	11
26084	11
21208	11
2746	11
8750	11
11574	11
23186	11
7762	11
24821	4
9758	4
26961	4
4772	4
610	4
35515	4
21070	4
13172	4
35998	4
750	4
28428	4
14019	4
2602	4
21554	4
4530	4
17508	4
22724	4
23351	4
24933	4
3357	4
7743	4
26290	4
27922	4
5404	4
18830	4
14637	4
21943	4
3867	4
37513	4
25718	4
1997	4
19054	4
26348	4
28154	4
16851	4
19335	4
12749	4
34666	4
26489	4
3228	4
32308	4
29121	4
13560	4
31146	4
22673	4
4348	4
5601	4
12006	4
4650	4
13318	4
4991	4
35703	4
36592	4
2984	4
4788	4
38204	4
18932	5
19814	5
5945	5
34129	5
29220	5
26187	5
31519	5
30080	5
7984	5
7779	5
25089	5
32873	5
12548	5
35442	5
22371	5
10450	5
16952	52
5680	52
22223	52
2187	52
36093	5
19538	35
27300	35
33591	35
6917	35
15683	36
21723	35
19534	35
2793	35
26892	35
27354	35
21125	36